204.661715
371.242091
656.077968
668.692203
70.256548
86.494901
559.699475
310.494990
534.360002
915.692631
395.792974
663.899464
121.836722
36.626857
83.109778
721.704869
739.986723
939.621691
245.704903
817.058916
93.867083
194.595412
58.698831
306.260265
687.112876
209.929550
646.805680
48.810057
718.148620
651.789050
173.340087
921.810335
22.031140
828.418055
589.502538
91.287689
913.912955
148.202013
400.782679
447.272958
62.894643
795.575653
110.172422
183.731365
831.202510
192.282200
904.436234
570.189232
130.903891
149.141137
386.248148
223.770974
342.736549
443.946980
529.031240
28.849425
652.876530
174.836919
76.659481
370.025149
825.625969
248.999569
290.835484
846.657109
76.417623
879.338022
936.944798
989.330578
26.540034
336.727477
435.603536
88.434677
131.303130
544.775957
271.166042
961.505641
736.058158
174.602276
530.694872
865.962048
322.743413
915.943020
88.733022
664.479962
358.889999
616.764262
692.329387
10.766529
790.601181
767.988868
379.791678
615.227149
15.988436
669.627162
460.884258
91.406059
547.965184
396.829056
79.736638
573.505218
732.556533
514.340174
660.939896
862.859664
58.116131
931.105938
823.365304
793.174288
104.708213
353.060176
658.136336
426.451626
268.003196
745.869358
89.931588
625.893195
361.633619
781.260974
635.659724
151.234799
548.249843
14.451402
765.461948
563.238279
683.078564
225.346206
653.644339
230.043748
621.175262
732.380977
802.548966
352.731795
245.721150
462.488861
214.591458
302.837281
392.594799
36.956762
95.011569
496.303012
389.016937
752.147905
921.754638
656.020133
497.017263
10.686226
280.913329
857.650882
790.947200
915.573053
7.885681
338.197043
929.024455
772.347629
900.435322
611.103019
996.693835
553.079661
840.146767
616.869097
284.460637
641.695732
968.600892
529.181786
103.184593
182.192350
831.019067
494.779392
218.149112
925.030636
990.082405
606.166049
676.178541
910.837043
261.186182
172.195803
920.523269
541.099511
28.846685
710.470469
455.672564
35.732366
47.667512
383.697019
807.079995
947.102834
993.800038
802.773830
499.182494
832.946804
418.642927
782.643131
473.642536
386.243818
310.824917
575.827130
567.436168
140.843984
69.606522
784.585280
64.874620
58.688926
389.751329
740.053160
968.525969
649.937512
911.248964
888.049238
190.037023
939.095648
597.519707
644.709587
973.828014
644.187219
27.406605
779.908009
590.290052
20.206642
581.681838
88.472546
852.153447
999.324765
870.115677
324.795983
384.568583
179.940594
899.623113
951.004751
319.784578
968.229635
734.590031
383.659197
25.918560
123.341360
122.712358
993.444530
772.278872
32.961321
880.493768
961.315894
971.056969
477.013474
605.025481
943.884983
120.200693
631.432085
722.792991
709.490745
650.638728
303.474829
796.963291
501.792174
301.799594
666.078968
825.588157
685.368177
845.019562
724.211269
635.372928
163.804139
691.440904
368.962959
546.463337
716.359464
491.304319
668.175695
708.803994
262.583190
700.137016
588.297761
222.899084
670.193984
64.311235
826.924565
613.078967
183.511928
457.356649
334.871958
892.002673
106.995377
637.346787
687.965964
607.787551
938.146381
353.044932
432.375708
622.514558
197.064493
155.586977
256.887486
359.868633
846.027881
624.850445
905.331970
561.387345
115.154764
572.507664
269.191339
376.737954
271.644680
856.489100
598.637038
940.838664
919.800335
424.561602
552.917631
102.312263
880.918251
886.789588
993.314936
986.913629
523.136375
680.280900
593.701180
460.282755
32.325832
25.076888
81.797312
228.390325
179.663865
337.684799
587.258958
24.691746
961.535244
491.590927
585.079091
75.690007
63.098592
853.270429
451.427960
333.743271
708.759529
49.064997
273.581935
627.559864
472.626599
825.499566
728.872127
352.544850
711.289154
721.187063
338.458478
233.425528
400.467963
931.159658
692.708283
431.793795
955.236546
773.505596
659.184120
133.900411
110.190394
245.443077
157.592157
70.725637
736.034005
741.671248
145.415644
798.132597
593.941677
595.843604
130.875868
301.701206
643.908601
403.457803
928.261070
115.535200
227.957368
656.133196
467.080050
938.246522
376.320259
804.538528
170.672050
775.788222
734.698186
862.380333
206.582016
688.934731
634.885928
864.766136
821.835142
744.076322
109.209212
978.427299
813.801959
844.243217
719.098546
958.217603
641.375814
312.040223
553.061206
771.251681
612.741429
195.969807
173.709484
540.002498
310.505007
400.666853
195.135694
776.585057
337.913374
570.455953
580.123584
507.585425
345.244174
313.821770
368.965757
550.826190
1.756501
2.851685
414.592325
822.591643
745.928007
522.801538
800.018942
558.729965
366.044755
518.117488
515.947567
6.420568
829.157711
68.008773
776.672250
440.899139
262.978580
949.381735
979.901637
572.483587
349.048587
174.037331
348.068643
685.961961
743.493284
927.192228
192.547386
87.737458
240.013997
560.513143
637.563648
240.770498
562.364827
51.155973
62.362141
307.292834
572.957511
861.381083
865.022799
938.002266
378.498571
379.970366
943.422835
206.656281
446.979139
719.095085
646.555420
708.957719
667.476819
625.457057
280.441305
15.525405
798.494389
627.509948
700.487366
540.987672
553.702175
892.034752
627.725131
792.716173
451.547894
264.288778
32.486671
12.912721
314.444751
93.848811
319.205555
886.402262
954.229894
183.228353
823.404528
331.728464
562.198720
765.827362
537.384746
8.177858
483.922446
182.940165
716.135577
150.399264
807.397223
995.576882
164.924669
604.891611
622.086830
864.412036
144.879283
174.789005
755.446787
771.604413
966.505178
