204.661715
371.242091
656.077968
668.692203
70.256548
86.494901
559.699475
310.494990
534.360002
915.692631
395.792974
663.899464
121.836722
36.626857
83.109778
721.704869
739.986723
939.621691
245.704903
817.058916
93.867083
194.595412
58.698831
306.260265
687.112876
209.929550
646.805680
48.810057
718.148620
651.789050
173.340087
921.810335
22.031140
828.418055
589.502538
91.287689
913.912955
148.202013
400.782679
447.272958
62.894643
795.575653
110.172422
183.731365
831.202510
192.282200
904.436234
570.189232
130.903891
149.141137
386.248148
223.770974
342.736549
443.946980
529.031240
28.849425
652.876530
174.836919
76.659481
370.025149
825.625969
248.999569
290.835484
846.657109
76.417623
879.338022
936.944798
989.330578
26.540034
336.727477
435.603536
88.434677
131.303130
544.775957
271.166042
961.505641
736.058158
174.602276
530.694872
865.962048
322.743413
915.943020
88.733022
664.479962
358.889999
616.764262
692.329387
10.766529
790.601181
767.988868
379.791678
615.227149
15.988436
669.627162
460.884258
91.406059
547.965184
396.829056
79.736638
573.505218
732.556533
514.340174
660.939896
862.859664
58.116131
931.105938
823.365304
793.174288
104.708213
353.060176
658.136336
426.451626
268.003196
745.869358
89.931588
625.893195
361.633619
781.260974
635.659724
151.234799
548.249843
14.451402
765.461948
563.238279
683.078564
225.346206
653.644339
230.043748
621.175262
732.380977
802.548966
352.731795
245.721150
462.488861
214.591458
302.837281
392.594799
36.956762
95.011569
496.303012
389.016937
752.147905
921.754638
656.020133
497.017263
10.686226
280.913329
857.650882
790.947200
915.573053
7.885681
338.197043
929.024455
772.347629
900.435322
611.103019
996.693835
553.079661
840.146767
616.869097
284.460637
641.695732
968.600892
529.181786
103.184593
182.192350
831.019067
494.779392
218.149112
925.030636
990.082405
606.166049
676.178541
910.837043
261.186182
172.195803
920.523269
541.099511
28.846685
710.470469
455.672564
35.732366
47.667512
383.697019
807.079995
947.102834
993.800038
802.773830
499.182494
832.946804
418.642927
782.643131
473.642536
386.243818
310.824917
575.827130
567.436168
140.843984
69.606522
784.585280
64.874620
58.688926
389.751329
740.053160
968.525969
649.937512
911.248964
888.049238
190.037023
939.095648
597.519707
644.709587
973.828014
644.187219
27.406605
779.908009
590.290052
20.206642
581.681838
88.472546
852.153447
999.324765
870.115677
324.795983
384.568583
179.940594
899.623113
951.004751
319.784578
968.229635
734.590031
383.659197
25.918560
123.341360
122.712358
993.444530
772.278872
32.961321
880.493768
961.315894
971.056969
477.013474
605.025481
943.884983
120.200693
631.432085
722.792991
709.490745
650.638728
303.474829
796.963291
501.792174
301.799594
666.078968
825.588157
685.368177
845.019562
724.211269
635.372928
163.804139
691.440904
368.962959
546.463337
716.359464
491.304319
668.175695
708.803994
262.583190
700.137016
588.297761
222.899084
670.193984
64.311235
826.924565
613.078967
183.511928
457.356649
334.871958
892.002673
106.995377
637.346787
687.965964
607.787551
938.146381
353.044932
432.375708
622.514558
197.064493
155.586977
256.887486
359.868633
846.027881
624.850445
905.331970
561.387345
115.154764
572.507664
269.191339
376.737954
271.644680
856.489100
598.637038
940.838664
919.800335
424.561602
552.917631
102.312263
880.918251
886.789588
993.314936
986.913629
523.136375
680.280900
593.701180
460.282755
32.325832
25.076888
81.797312
228.390325
179.663865
337.684799
587.258958
24.691746
961.535244
491.590927
585.079091
75.690007
63.098592
853.270429
451.427960
333.743271
708.759529
49.064997
273.581935
627.559864
472.626599
825.499566
728.872127
352.544850
711.289154
721.187063
338.458478
233.425528
400.467963
931.159658
692.708283
431.793795
955.236546
773.505596
659.184120
133.900411
110.190394
245.443077
157.592157
70.725637
736.034005
741.671248
145.415644
798.132597
593.941677
595.843604
130.875868
301.701206
643.908601
403.457803
928.261070
115.535200
227.957368
656.133196
467.080050
938.246522
376.320259
804.538528
170.672050
775.788222
734.698186
862.380333
206.582016
688.934731
634.885928
864.766136
821.835142
744.076322
109.209212
978.427299
813.801959
844.243217
719.098546
958.217603
641.375814
312.040223
553.061206
771.251681
612.741429
195.969807
173.709484
540.002498
310.505007
400.666853
195.135694
776.585057
337.913374
570.455953
580.123584
507.585425
345.244174
313.821770
368.965757
550.826190
1.756501
2.851685
414.592325
822.591643
745.928007
522.801538
800.018942
558.729965
366.044755
518.117488
515.947567
6.420568
829.157711
68.008773
776.672250
440.899139
262.978580
949.381735
979.901637
572.483587
349.048587
174.037331
348.068643
685.961961
743.493284
927.192228
192.547386
87.737458
240.013997
560.513143
637.563648
240.770498
562.364827
51.155973
62.362141
307.292834
572.957511
861.381083
865.022799
938.002266
378.498571
379.970366
943.422835
206.656281
446.979139
719.095085
646.555420
708.957719
667.476819
625.457057
280.441305
15.525405
798.494389
627.509948
700.487366
540.987672
553.702175
892.034752
627.725131
792.716173
451.547894
264.288778
32.486671
12.912721
314.444751
93.848811
319.205555
886.402262
954.229894
183.228353
823.404528
331.728464
562.198720
765.827362
537.384746
8.177858
483.922446
182.940165
716.135577
150.399264
807.397223
995.576882
164.924669
604.891611
622.086830
864.412036
144.879283
174.789005
755.446787
771.604413
966.505178
205.994680
34.893191
997.991848
217.907401
348.337943
90.840659
536.112956
233.740205
44.070553
718.341310
56.144732
374.799018
279.540029
820.972095
911.183764
286.717887
303.894540
93.123929
1.853464
453.293805
899.521152
996.430347
617.218474
503.412763
617.517176
480.630509
647.292046
791.306182
235.077295
417.896459
756.811359
440.071976
451.789651
753.803207
656.979377
799.127593
843.643866
192.092333
31.867798
886.714420
909.433643
87.012530
260.513437
187.973672
906.984625
170.697201
473.691559
209.879165
262.821130
474.545024
662.172969
161.342282
469.975371
278.391443
663.755045
86.492546
758.021951
310.047090
876.798728
992.099247
726.943550
632.610086
431.171222
177.733200
385.413293
87.150599
975.860793
228.057159
278.242932
6.728591
113.771578
186.676575
92.741121
373.285016
373.650247
998.725747
542.982217
846.341807
207.604911
804.803347
319.886830
868.777880
965.145629
788.862201
146.169322
627.900674
874.354747
903.191274
936.947765
750.153475
894.290521
662.891314
381.763561
324.461742
839.624514
766.176854
410.612342
814.485308
993.234012
687.855274
820.213899
106.005590
873.531849
911.955020
478.290605
246.182096
909.680766
20.272821
91.523902
116.285677
824.076169
410.410732
984.063557
788.221798
198.272933
129.232879
415.122471
71.627680
31.424153
351.070236
820.781154
924.714673
12.961550
201.544715
248.176415
851.586064
966.721569
657.788757
665.071371
958.955581
344.644031
484.285269
63.961170
217.175879
395.240289
541.251775
462.357975
303.921055
560.524597
552.881877
419.206732
383.600765
962.292609
402.270289
170.822563
159.565541
530.503168
584.945034
230.193221
560.927321
935.015270
49.974375
484.641994
946.976820
250.519090
731.818409
797.562884
216.240658
388.607166
461.634255
174.196239
732.251197
944.919524
237.157409
948.427076
339.159813
777.409184
409.785051
642.080868
336.933781
961.666928
60.287600
719.534546
922.959537
461.557889
889.357109
81.525078
991.061058
473.302144
310.718299
550.988379
407.317414
359.692674
34.630372
353.294233
609.211764
765.448781
149.857117
824.452423
153.055947
610.491371
997.648662
884.307144
554.410895
233.806070
831.734219
892.570708
10.215254
240.519270
533.651576
346.149035
201.186197
592.939177
64.683581
123.145734
53.497066
953.040690
203.670812
43.558123
425.342834
513.389111
593.546502
831.660248
872.081785
627.176874
183.954480
480.293549
391.625655
332.811598
303.745972
543.681602
942.302969
300.394634
426.988745
495.713864
533.200704
257.722964
387.284572
542.415958
497.242234
919.936148
887.564993
697.428432
511.875324
951.248574
819.574165
564.372390
903.289264
22.244977
606.930514
327.632098
534.634088
199.477015
158.292345
405.715873
825.653889
341.246826
885.009422
216.279543
673.058423
187.755394
758.961145
614.361392
487.150027
184.949890
109.075256
19.350731
441.672854
495.359828
560.766689
937.915088
414.295975
447.331682
634.343519
925.171300
397.580256
452.917685
488.543689
299.869520
474.162662
94.474202
626.501618
7.796749
292.951217
783.793963
412.512621
117.605106
124.040788
296.522043
332.884649
796.099212
483.277437
90.845794
409.460604
969.427464
274.795684
517.535860
987.778195
715.468538
11.895688
547.544884
652.383626
425.191663
993.876566
285.727145
349.362962
390.456822
737.644830
836.906651
689.326342
210.807491
930.380854
314.827960
217.604240
222.332071
97.621922
629.116862
338.937176
220.662711
924.638905
670.821826
15.761923
406.916342
760.667620
424.222527
375.343806
34.463303
940.758387
362.122001
748.931842
951.654075
908.666885
400.315467
375.845737
901.543451
685.042612
724.208700
291.000273
421.687442
560.115351
979.326614
631.494934
489.496204
293.154574
848.099174
710.828275
389.776496
476.216036
48.765451
609.439207
399.854941
718.587277
624.201130
805.771283
478.254896
47.423657
180.115088
511.718200
987.182044
541.237088
259.650041
937.836119
448.903973
658.965508
312.681856
349.447424
343.008121
35.890555
639.447696
763.695563
595.005906
617.774311
394.190496
83.502110
909.928885
241.289670
793.330385
298.705380
716.505706
841.095836
907.144588
115.360647
558.683112
530.345718
920.131930
35.938008
576.769375
99.247017
546.656208
562.951419
639.484106
805.306249
499.787538
87.388079
463.271757
811.469394
435.835503
805.279877
846.359949
74.283199
567.975440
440.365855
691.057509
961.165936
522.867965
599.986394
201.455606
315.198349
897.691774
916.961313
155.294184
803.836362
31.321959
712.977296
333.182080
950.453889
747.915304
908.951455
48.700906
293.571512
470.902874
687.185012
97.877760
969.690412
773.573091
560.149517
780.159805
208.408594
364.429394
625.519754
281.691792
931.404834
64.885609
971.749302
891.570770
586.753573
570.735695
92.026376
900.951922
467.427469
7.987688
55.246106
270.263830
38.309647
767.223402
602.445910
987.763536
514.138706
510.397364
35.464442
806.710217
980.300239
721.649454
903.587978
948.990650
494.222545
462.737494
728.150455
701.631139
826.166888
352.670209
982.322932
756.571722
416.555817
953.072233
647.142492
2.309390
522.807928
738.168867
902.261312
989.235397
745.156555
956.507418
258.499226
782.466202
722.730820
859.945137
769.229737
235.869525
369.342501
803.694179
41.579742
348.642739
524.343633
944.167719
296.633389
17.566177
405.905213
23.783843
718.197317
231.072102
375.454052
699.520248
986.643824
791.009870
651.592480
632.786316
792.319260
173.400408
369.955183
693.580572
161.635804
114.111737
649.087990
419.135031
895.577939
370.818809
278.080167
663.807676
605.688334
646.422668
466.501855
646.268076
994.065407
989.845488
589.435795
289.698796
6.411665
994.341009
312.482639
723.608982
224.413110
686.936691
422.129229
210.056934
476.946560
72.721709
841.843249
268.265820
245.122116
210.798431
960.846392
405.757921
323.910168
608.934382
823.892952
218.488107
978.753191
100.973118
881.295783
583.441525
746.395786
346.797638
228.709601
739.461194
335.643126
817.145396
28.159989
341.054791
810.486404
339.642628
63.663772
33.899513
25.579319
484.793001
242.956447
501.525879
556.514710
83.799695
768.791700
800.636827
293.598127
728.638091
205.394747
616.508295
336.572473
28.287698
833.996402
314.325664
128.260817
714.292185
896.767189
873.656603
60.089823
124.476789
612.117797
394.732948
940.622185
639.277786
734.787740
750.108589
977.920414
797.451512
783.008103
2.499733
281.244512
24.964549
503.025612
836.759222
107.764245
270.817312
636.396049
400.362371
998.455403
840.790796
15.870666
334.027876
868.078494
848.867069
647.353539
995.339311
562.159253
543.120728
867.995914
621.249077
666.597517
479.113710
14.982025
606.219702
117.391496
748.769764
355.328290
94.311910
545.221275
137.336392
95.811643
825.465788
161.300941
597.837255
661.225010
268.065186
867.654567
296.621058
667.427558
865.109970
136.411853
682.298225
198.137845
3.490347
530.165293
844.491385
997.829658
91.324546
386.612113
864.825572
711.573622
52.209629
342.939282
725.555647
657.429331
459.330778
473.325411
11.757621
552.642687
17.546686
148.094013
647.454330
842.012474
308.394955
244.291584
502.237483
575.460141
110.946151
797.858542
241.887699
975.056121
933.270395
923.185923
172.193966
935.760742
452.351216
15.685351
932.590400
542.675762
401.297464
796.415971
253.249384
452.507093
138.355253
977.805031
108.936424
596.686030
450.130442
119.694045
148.328717
466.677128
266.788058
794.783047
307.689602
574.183012
38.074632
808.927085
148.643153
148.020783
605.785626
389.530852
122.076904
538.056021
311.716775
293.270870
472.816763
763.067991
307.956221
404.407162
304.743752
708.253685
199.823134
556.993136
159.760778
337.178386
533.798167
267.697202
932.864417
982.928609
386.391246
80.193134
448.605737
652.179304
873.976182
755.295338
225.362317
911.050813
563.222423
373.005470
58.071595
168.008049
761.536322
179.148499
705.064070
72.253097
471.419369
176.880832
834.321088
778.375591
580.287995
138.064840
485.629276
779.111128
694.057976
644.390054
115.289514
226.856143
911.087256
47.153931
208.784751
296.478501
126.347065
656.390488
947.657806
999.323247
410.685826
172.020122
909.374059
972.908249
544.025592
966.445655
139.916298
304.561914
144.594154
843.980368
375.815011
615.013523
19.861200
209.136099
392.389114
599.149195
346.200938
877.018390
377.260323
39.258914
520.408443
491.549837
265.115057
430.495699
537.703769
472.899808
725.974200
663.050834
128.290295
672.632006
661.374081
537.976122
843.652128
569.748140
509.884371
386.677720
535.193794
648.800668
690.239635
678.787948
491.781036
65.054645
292.801470
510.642237
273.190744
684.190585
108.791431
618.391682
560.208974
485.051754
656.650596
79.617417
975.601592
920.765653
509.113116
512.305360
392.665460
234.087316
174.356194
519.955755
905.719322
834.730275
56.931876
748.371450
403.478414
565.816247
134.049170
937.672208
213.616915
823.288805
615.460155
704.397952
887.343450
907.261626
214.040188
159.534193
590.452210
321.831619
776.925875
149.661184
805.883374
432.576471
228.278601
780.484965
352.342123
736.391717
291.790326
744.007582
969.479034
465.146520
262.963338
874.198355
298.876794
318.895214
621.569805
701.355208
883.711462
754.618975
638.027416
96.328377
576.907779
252.487571
799.726329
463.251228
158.749197
12.766516
621.785422
748.201407
333.598135
397.711296
896.862591
138.481509
829.287767
124.141192
917.966474
180.629889
859.532910
208.756799
923.637471
828.011943
672.903320
185.600809
701.210298
970.780114
503.496023
321.780102
671.135322
386.207485
75.399077
308.162738
481.535861
651.306856
559.650309
280.262189
113.558084
717.399506
292.028706
734.343506
464.600912
624.626841
131.054801
360.463503
762.108350
959.342568
483.604696
679.074824
138.972456
342.137605
886.831623
61.609927
169.149548
558.734942
246.210737
869.359846
528.515056
748.706760
190.139947
198.650377
133.914244
264.539024
505.813115
614.450106
914.845880
64.463424
893.712295
27.403964
780.862929
184.741000
760.747470
244.463842
808.367841
890.802271
603.927345
569.476191
849.144839
86.532041
247.551014
987.117295
427.669646
133.382636
47.727222
595.819194
691.117579
292.937959
464.179040
218.632634
40.644719
653.318987
416.283012
173.558963
916.858012
921.096127
787.009069
830.703892
984.559551
679.721363
857.107856
764.422480
863.462363
616.855325
7.886322
670.830204
506.657596
610.813667
239.306394
354.802434
696.345708
485.857408
340.919729
123.015354
618.240045
387.646952
717.834548
308.357623
679.584911
181.013587
525.990258
719.229629
833.332574
941.273270
891.788592
749.190585
861.369396
677.797660
578.894477
844.928947
356.519023
435.002332
608.351427
218.981386
50.857657
615.237749
888.811589
556.515254
225.051416
127.117983
910.317688
920.397124
611.975391
250.237417
42.412477
229.215435
636.884369
759.247025
536.573058
315.469279
939.260612
61.563315
33.698908
771.593186
1.836584
924.487500
519.783771
862.205981
601.285160
97.678247
706.134927
956.804183
531.680579
313.486353
174.785568
581.538237
927.724102
62.597157
137.053490
151.775517
188.715140
46.371178
71.172641
799.690531
295.608595
112.585117
27.905966
931.492964
870.832143
563.479024
245.962243
809.092754
624.042339
278.661150
579.685940
624.878923
202.148651
98.469710
486.084903
802.433811
195.147957
191.219830
758.237994
725.828536
503.706184
932.023562
306.366772
430.430286
993.620720
442.420262
581.205804
181.335860
487.791441
651.378444
980.026391
782.400035
762.963562
6.932357
712.892999
632.795704
569.411380
957.855241
440.888458
192.453719
235.516392
19.574397
816.332642
436.665042
117.044107
301.417545
238.098853
311.192064
491.637375
995.336847
36.020600
994.343559
926.360409
341.387372
423.773845
918.981129
782.807635
3.979648
99.316988
269.599075
654.358092
78.343379
50.999110
416.321653
84.275736
762.892109
48.117357
652.687116
719.747350
488.005815
844.140835
954.263741
506.580212
659.473478
389.928783
622.624319
959.891023
627.027636
932.816383
450.528398
621.364483
967.836983
443.871957
546.724891
308.224354
866.645802
464.706020
90.031989
869.625449
563.023008
358.631064
522.983541
640.366387
408.630174
938.305195
723.642123
170.522282
985.422552
375.329239
889.269632
472.428367
218.470074
842.533373
978.008579
876.943551
231.462156
599.632898
835.834574
857.489792
531.449281
285.362971
477.854274
498.286264
728.234928
23.579165
805.510618
593.880729
487.285185
894.542607
462.506178
49.308192
252.173671
984.489719
688.674579
659.803845
921.794914
411.316702
829.326127
906.217465
785.645941
717.595759
377.645832
3.116014
559.129131
354.654411
879.059565
789.591287
953.287309
713.894139
646.081078
483.736590
998.257110
122.935353
981.022854
725.492038
145.514518
785.533472
318.372767
631.799703
679.076078
779.878945
680.107895
930.249749
763.368665
367.782474
589.053593
684.163578
778.099176
417.379720
589.381043
562.745116
133.975478
966.026875
564.861130
692.104609
319.681285
442.920695
480.695895
271.968594
155.814833
125.776974
754.705185
153.071944
247.712327
734.728038
877.563982
392.226845
519.261509
194.936749
23.026547
197.337587
973.815694
702.134443
126.587336
736.184358
68.916917
714.640930
419.347935
846.016092
131.020649
7.728977
407.761208
263.996127
972.755852
971.622338
955.100736
291.437137
413.543033
434.796631
562.405732
568.357866
559.573605
316.110916
720.429810
806.285932
49.838954
596.993792
197.512777
568.100463
790.930540
219.539324
764.438051
763.746233
920.673767
890.025387
498.930591
988.590684
603.666316
917.278527
833.606776
733.686966
924.007504
240.367983
996.683093
895.763356
210.990321
950.783829
186.200493
623.533354
384.580460
747.606225
190.891221
943.154066
62.717141
910.321031
748.439997
111.556094
506.314822
944.952774
678.656558
296.245361
163.492097
442.094609
58.991595
83.165864
331.119996
556.922186
70.756547
933.786312
473.200712
903.363323
666.473278
396.208216
142.731306
662.156370
290.971572
352.721627
611.940199
476.172064
975.254982
995.520659
222.778289
165.146202
937.674724
284.495430
74.467232
685.114721
395.051525
579.782054
629.067494
72.708082
875.027416
791.559592
513.802691
933.019010
873.725455
843.922687
488.941195
943.482003
776.708998
961.141907
845.845325
442.182276
356.350123
987.576631
103.338645
646.321695
339.298258
714.278844
121.493759
313.553240
708.799502
343.272048
477.699442
645.474226
626.767478
551.166675
329.588946
20.819002
129.948729
957.656441
92.527085
3.976144
748.216032
605.329776
935.995154
620.941487
448.252462
423.936349
563.423490
223.961460
384.078257
408.268814
665.143736
739.428380
394.845445
767.482381
384.750074
733.143703
480.761224
505.243832
45.696943
188.560726
847.515880
522.396385
833.034952
473.283358
72.563059
161.623898
493.102361
201.511788
118.280338
584.629445
204.487932
865.496371
188.959221
139.483086
485.437858
636.211683
562.419435
47.861347
859.173144
945.497692
455.130161
523.316879
683.926071
848.975606
289.799259
67.676145
581.119310
769.560484
571.919977
625.816253
957.121210
418.435857
147.212637
789.156162
890.719216
218.775697
949.780060
382.821576
419.287484
67.060398
966.451021
622.775416
931.556769
154.410242
761.258502
415.994626
789.621925
322.677937
462.855973
647.795068
267.175628
916.986135
170.111947
950.101700
764.961741
458.911207
16.777844
345.081050
227.471691
587.697821
969.897303
183.592901
5.133679
116.109940
971.749062
894.852894
333.885636
920.529122
276.674469
752.173121
986.589521
242.125490
373.948536
917.146289
395.535732
134.207038
332.140915
184.157656
455.884975
793.996888
830.952725
722.060603
709.983023
1000.064672
671.162303
473.944763
457.975878
686.940147
818.025814
684.447569
273.637968
786.923116
867.040470
277.771647
902.033056
837.789532
171.624540
234.918692
757.318654
447.299010
986.091813
742.908174
688.424500
359.040349
659.054463
82.960232
492.247387
990.195378
266.117888
947.132362
783.192266
96.070613
668.192965
492.175289
95.135284
338.355268
965.120052
552.111163
24.295415
782.145865
235.558732
296.933383
568.068981
101.599201
573.705030
469.102037
938.388733
744.329570
703.020730
694.707387
190.628580
688.112542
436.615561
878.053080
46.152891
94.670024
960.013311
537.400278
83.865401
225.131199
483.532640
866.057668
320.201812
150.725605
357.232956
414.337097
488.080873
321.353007
965.448260
511.376288
102.498872
200.006992
807.309671
669.567854
300.606193
380.014700
137.669891
237.994926
123.344270
839.690620
931.702313
312.972850
526.803162
367.317874
190.025929
571.956053
460.987897
149.039240
108.356332
543.853299
373.170439
590.888972
408.910966
692.372251
740.614577
765.143922
105.709347
227.695450
85.496928
70.157607
738.071738
186.995801
269.164599
544.381409
855.563655
568.770792
923.396108
992.233545
805.765718
45.740378
830.924166
736.468031
357.713228
356.727328
102.785904
546.739157
927.683381
562.773802
694.778397
35.039713
105.627100
66.948836
624.928685
513.538066
758.321087
364.543262
277.681988
863.030434
591.238713
362.178916
932.188041
328.310450
548.174717
200.352640
871.691859
402.738371
768.123432
794.087967
393.971917
572.889150
838.828345
223.896082
308.357181
195.541573
579.623410
410.143085
741.280730
506.306790
971.916887
435.059126
540.346503
76.543987
501.007962
164.275188
589.082054
258.329048
527.818450
865.764041
120.359482
118.057162
226.942957
51.547523
445.367612
774.117674
250.900163
316.059471
175.856046
18.023595
109.147437
568.827963
589.912745
946.975783
791.724045
897.269926
141.517355
370.347454
306.413011
881.798085
875.654244
277.329898
315.857210
415.000747
352.873886
815.865172
578.275935
940.955939
73.194219
105.094385
805.719980
192.553701
222.151547
31.662937
243.101224
666.519159
804.780612
493.001387
981.578630
979.636657
510.024982
89.726067
547.464619
98.937726
35.701849
338.188664
995.207653
176.219204
707.536117
300.620663
57.017288
582.190361
576.950561
371.874499
996.191108
928.824447
186.739670
573.467043
868.780386
258.933890
677.561428
673.500366
450.487591
898.712975
704.163303
692.588815
564.232134
507.943914
184.590202
544.810764
486.580571
693.615184
633.536831
33.045190
791.552911
668.238680
370.233854
785.760563
843.457885
76.769971
85.381226
899.475174
657.960333
661.331787
270.349672
653.151441
589.156234
456.089343
225.618484
456.936620
714.023232
902.179912
129.436985
163.510823
799.892886
832.600288
855.099638
363.125020
339.544201
38.689839
906.935783
825.124772
731.305023
539.472614
857.169963
521.857934
206.711294
226.403817
306.618496
49.169178
302.173788
390.999722
947.644352
959.134121
51.331509
216.994024
611.285562
639.487744
672.083367
835.904046
95.424363
385.106599
737.083957
223.861348
547.617421
535.976843
55.461635
401.717058
898.101863
394.005837
439.406897
804.037646
218.130609
169.711920
342.510260
74.300572
690.569854
548.221554
299.704389
996.188350
596.390733
600.878177
386.188072
543.035084
559.012298
436.519582
759.029109
169.297859
75.007325
430.112475
4.201905
169.431688
814.219074
740.285862
392.293036
360.836494
275.262705
446.754672
761.553553
172.364567
839.760509
199.960450
975.402214
56.891117
368.672370
316.912473
130.191689
58.242224
864.134027
428.896078
53.430574
459.524760
28.774255
438.618647
1.559844
586.786553
874.138229
759.588953
755.084412
948.145554
188.701427
758.286317
116.577241
1.920501
497.572179
507.870278
361.756995
771.834884
953.624950
122.310548
943.199451
792.385458
321.270998
917.601664
848.276575
688.943369
233.514138
977.468264
746.185593
96.648164
405.364342
798.616168
555.172924
433.138597
236.234814
555.732768
18.925150
109.373043
314.321720
773.009562
56.518596
502.023148
530.295879
172.095838
502.943649
26.868057
678.966116
863.700644
797.702941
631.591065
985.011192
739.902392
422.976522
305.282190
656.504056
270.253097
993.225559
889.018193
246.721361
738.411152
984.666358
651.085703
536.027319
538.839281
83.224299
771.262133
93.572049
101.149449
879.635176
406.893769
873.159012
935.153772
907.916917
402.454890
106.249610
409.860565
428.322948
784.215726
272.561210
225.025888
414.806790
256.572402
963.928280
836.783312
560.854592
619.432335
106.036409
553.080150
507.450529
351.757769
290.491302
491.116886
1.843472
825.518621
28.956167
84.067772
595.780754
121.528216
184.217221
474.415930
527.421984
56.376232
408.569702
434.338901
457.831122
513.819311
843.199467
885.154070
297.035037
114.760676
109.179958
710.841827
370.333078
72.108238
546.625139
930.187670
690.540573
651.661548
482.267820
196.991101
2.419317
771.759121
687.107987
3.262789
596.277742
715.064154
86.330560
191.058495
835.592370
269.547781
664.474425
362.014354
324.924013
72.044126
795.353255
781.755136
584.863437
637.552722
665.909205
880.898474
751.313397
774.089163
590.740300
120.646475
845.197401
136.365439
49.834144
534.737974
787.026986
531.101964
730.729076
788.446303
301.861085
416.837063
790.709092
897.138827
130.901216
876.039653
87.197322
965.493586
144.587434
750.671747
326.507939
468.511447
821.715873
120.861194
249.266582
405.579310
757.413916
914.175788
285.477784
507.727313
687.264951
875.218084
627.373788
531.462351
10.583523
676.207932
65.200325
796.610509
206.309896
794.929401
584.056812
507.170982
210.766463
373.765904
403.309809
340.667679
248.805557
489.507131
305.161265
392.392991
239.178878
630.669205
859.904438
59.894752
750.530400
108.171020
464.474062
506.944315
21.346807
748.951846
13.671628
707.611758
623.169930
640.045416
238.074109
632.753453
315.253348
302.274434
428.363962
520.563244
96.203835
11.420774
26.734226
305.970298
384.186678
429.044034
645.637978
631.992235
917.551166
949.799243
23.385225
155.730044
579.468448
882.289664
214.624796
328.998847
989.460684
678.098858
834.943162
9.807491
426.050704
847.614790
716.419249
48.220634
486.660205
953.493358
679.974087
800.913553
254.767792
107.338049
320.476797
349.971627
117.758823
346.211023
654.941925
500.945501
774.255058
299.579903
131.937735
690.806223
248.379145
154.322961
845.536267
826.847593
35.612624
59.161062
154.846440
24.073307
736.259920
988.789602
32.880798
161.310623
835.404391
748.300048
208.531257
321.064596
700.793406
887.505344
120.978149
954.561198
993.843393
440.454946
303.532824
110.602215
785.665969
957.474750
610.547716
558.921027
256.054652
741.485452
248.727249
503.433797
894.808412
93.263516
329.281390
929.421036
151.424578
483.127829
952.494344
886.684498
470.917430
984.375142
46.995121
305.321821
731.675190
254.526378
625.386417
431.468595
141.031722
745.364565
385.029792
133.875115
184.819511
687.562617
243.477330
969.485480
644.037367
853.025047
527.406506
899.092018
593.510498
775.133756
401.525815
487.318910
867.397272
729.807205
415.739946
17.821850
211.935033
367.234290
903.506348
681.852464
350.609432
949.501469
986.174284
81.284621
203.027847
610.560700
511.753216
343.059569
354.925266
895.783009
475.934684
538.744777
582.345625
718.412015
507.230256
225.382992
570.437061
33.636763
123.475009
162.947559
807.770518
524.000825
649.266469
674.167790
252.808029
64.006415
690.989640
463.743062
430.240705
593.495987
144.595526
779.850137
541.997457
129.769810
860.134758
744.025304
739.330510
370.887974
86.084872
93.255775
265.670983
561.019557
631.000552
847.016609
278.431571
137.230808
71.399600
847.868632
169.867571
193.874610
9.816191
976.638089
716.875434
658.082660
649.805879
968.683463
721.089075
339.795519
431.426525
150.329780
932.291506
575.022051
929.179916
473.288962
703.791861
788.314674
216.314265
442.122371
158.202648
301.399138
534.378147
422.873631
861.418695
164.378698
268.890239
138.850266
300.609507
339.289839
985.718898
469.477078
532.164448
994.535089
445.115167
248.039883
651.617749
93.921045
215.723345
371.706824
432.716564
646.149871
521.036604
364.008070
220.171921
449.216520
836.297032
922.963782
236.531194
51.611298
364.086153
393.733842
352.010436
897.464300
815.607473
212.429130
60.842998
83.497712
350.279396
360.452505
421.787551
334.998295
828.929583
952.952000
328.533384
273.044749
199.991882
979.151133
365.965795
414.715228
349.857957
797.682359
59.865098
869.894560
160.690428
279.037020
318.111080
995.987461
201.000802
553.642274
46.598758
564.086955
946.376116
397.609194
460.551255
760.983589
609.038324
520.394254
843.481302
958.317721
879.846759
264.268852
292.316015
707.776341
216.220852
619.849399
979.821091
415.212734
598.000532
344.786885
828.927962
946.858488
141.469243
887.793060
815.753048
301.159672
165.830079
132.864128
296.147132
365.830881
685.506402
341.745890
928.917837
630.882518
738.355084
388.469091
390.866106
346.393408
907.863345
233.347407
303.711128
786.710103
496.616260
595.027144
493.486445
711.837112
213.876543
472.307535
126.049846
810.877074
816.094420
953.977808
756.735562
956.563663
840.770868
571.488610
256.723335
5.600947
703.352737
551.870467
370.431828
387.859139
892.616357
298.349664
17.741656
629.971441
685.818756
407.607762
975.364849
592.682100
639.955170
278.075977
378.392203
135.571429
872.103121
870.878648
846.408542
84.979663
342.186182
971.458387
894.856738
157.280602
924.436195
650.592299
112.844265
764.207063
221.080908
368.567600
768.808009
923.433646
919.438068
138.239837
310.292785
811.054425
435.589501
327.034441
440.025866
120.408256
733.642203
414.390714
712.090357
372.597373
691.466692
89.482560
507.168802
562.569813
959.361207
352.577343
646.549476
300.547389
323.035730
540.406214
456.827991
246.471925
189.998513
568.672256
9.678987
410.079421
936.239857
777.486997
332.513067
854.677924
914.726834
641.805852
664.732349
349.316335
967.840293
103.758214
468.724592
700.482495
517.148929
179.814948
72.079867
207.615620
268.297508
578.248669
769.185433
226.658715
929.826013
414.734909
526.206104
251.861743
954.141123
982.034095
497.333668
143.139635
549.706351
506.012655
552.219056
484.946208
282.499651
883.732124
338.624131
196.226485
524.537975
2.356480
544.542820
491.378267
105.114694
12.267412
190.860762
621.263622
191.082360
261.940630
827.879243
458.379868
839.189300
596.064676
684.038582
768.015312
9.799585
209.244686
18.877054
962.940708
190.278781
515.210722
105.080342
738.985132
20.223377
656.299399
222.931339
301.723029
539.031522
560.555471
496.949514
62.569497
561.911950
40.492333
552.947764
666.026645
51.759745
742.808526
286.290267
241.842105
3.749156
113.169509
699.221972
841.938456
708.234185
382.260554
608.953768
717.033770
590.505240
626.830822
678.974477
779.784021
141.041544
783.054820
517.769153
160.264920
438.354218
739.700493
460.987949
976.385740
299.255963
956.937463
37.955236
860.167914
996.429796
589.903000
525.194558
47.189541
331.711526
810.484825
288.031646
334.460682
922.654334
986.253618
175.399138
629.888519
367.514172
783.352905
345.922288
957.019412
409.183727
23.896766
735.803433
549.225270
805.951586
252.572586
708.490191
243.305804
991.273079
168.478140
218.691544
289.529042
124.415602
255.646780
148.696955
119.845398
844.549780
672.891514
166.034939
175.261306
482.376338
453.066585
508.721988
404.030672
438.320202
683.121126
32.919190
804.834374
465.474031
377.841479
760.853786
873.657757
400.738245
495.657219
421.883027
205.689830
747.229804
129.373218
447.995634
737.502883
296.851357
665.687177
26.031924
420.266959
920.333958
173.728880
539.112357
763.883738
845.620394
704.147296
938.145044
326.996731
156.213880
445.867032
730.027403
593.534083
127.988157
761.946593
397.368456
592.462188
138.788072
157.222242
465.119945
538.526317
651.879461
886.002973
743.216147
398.109265
14.376190
190.211780
134.612148
310.227547
854.898958
159.644072
729.494507
774.232915
332.372952
267.606863
537.116652
176.993345
970.754159
474.261696
502.990076
125.968039
919.128727
232.017478
718.502122
46.116884
992.964072
114.870578
637.579072
130.752143
271.092820
101.699017
668.278461
921.972281
986.701990
410.494607
319.081545
1000.078180
599.706388
452.693693
309.305727
453.605345
611.337765
37.800233
226.838260
942.710717
304.407096
762.954912
118.704062
274.161255
236.216607
620.694138
399.129295
154.345334
851.711617
116.631417
199.462219
843.675688
230.501995
836.041291
973.427831
500.594816
936.740308
640.706292
421.567096
922.442298
50.200899
739.648642
921.520477
648.907286
191.342335
229.826203
101.512631
801.680100
266.626436
327.350891
743.390816
570.033532
89.305803
861.094878
843.194788
324.522410
480.789016
241.324082
477.867744
331.500632
356.955499
676.329963
174.176320
586.457494
511.371253
146.604151
86.052310
447.111561
786.310443
506.619406
368.553859
835.511341
245.268048
289.074336
483.418627
435.610382
517.900539
583.931258
236.290482
783.526975
910.282149
978.681298
352.560507
998.587952
838.776177
194.755294
322.110361
318.565192
435.079376
798.978105
649.065824
791.034875
474.308067
822.242144
376.492369
984.679321
967.846295
461.544679
430.790882
753.156738
967.164085
798.344740
587.668079
211.432132
86.419076
70.086705
646.042515
603.319615
653.017964
881.332997
385.846589
562.300113
859.014295
737.407096
559.888064
696.790471
931.162390
880.998425
14.355663
365.241765
678.976530
662.421487
155.276640
152.284596
483.663631
530.769009
135.963917
450.509925
991.313688
565.754798
202.666663
957.477773
363.099539
789.334742
167.909905
448.518614
858.421447
812.952420
50.838229
510.439411
693.285417
435.684818
71.739523
551.299711
172.091913
630.627587
247.090181
102.254303
510.626012
260.445844
466.496068
188.602541
921.867331
620.772708
339.887138
404.530961
150.541717
474.851055
854.040887
140.855404
39.605853
55.707549
97.333177
401.705392
844.042291
264.243083
849.224006
701.463738
76.195502
899.062235
210.903149
768.480919
333.747053
281.642672
318.780629
504.838966
911.270259
564.870810
606.093269
420.896270
824.316654
71.589337
608.498811
745.183984
691.362045
947.385949
148.714945
840.903762
421.237004
1.755832
980.759166
459.842857
56.463381
77.092343
860.548248
899.505672
340.335426
708.772254
599.969410
415.530928
606.834489
809.872558
183.011847
939.581542
90.515229
500.792475
443.420508
1000.785488
64.663286
48.513776
420.681758
887.979940
119.103113
28.180569
632.163924
809.465158
974.566518
779.878869
649.368920
394.803521
780.634701
629.128086
853.646378
836.098082
705.220429
713.194626
734.603753
44.555854
420.966880
333.573163
459.086782
26.801369
142.445721
641.098629
965.382911
231.960950
140.891104
407.803418
231.746438
204.554390
455.317194
651.428196
91.534329
573.420308
678.608765
722.698254
381.885465
652.175282
501.577123
30.254384
45.978804
281.211824
658.382470
898.625182
116.309905
362.602898
610.819807
849.913659
406.158753
30.786687
182.486822
864.245536
56.588056
323.932542
504.344164
20.970966
554.893493
644.235268
427.774384
785.639931
847.789658
882.091578
436.068127
938.323988
454.511886
113.676891
660.022242
835.397351
764.852173
160.599364
864.651736
809.830977
440.811188
522.034206
707.456158
556.121094
883.637104
317.275966
405.034753
288.795857
347.062653
586.521574
152.041392
402.650709
909.454117
655.385556
422.621675
463.347610
298.620824
849.396060
247.987540
145.410482
730.487637
683.055667
82.734470
183.999523
795.732558
741.756712
18.396874
559.584731
901.356077
882.048609
368.415708
341.167265
403.082815
74.871866
896.288359
285.719919
391.147831
300.323111
573.515775
737.210484
885.844686
724.557167
138.861193
794.298803
378.942722
560.482869
256.646412
676.563547
408.878928
503.633953
820.974029
138.366565
185.689620
902.708499
321.366088
980.422178
643.465211
338.762961
539.006909
543.821288
219.811571
906.422617
883.988553
621.894385
980.294484
779.276911
906.614304
370.442315
78.600022
479.130079
106.652799
963.444708
202.687245
244.513992
756.743510
580.629968
803.996861
12.389921
256.193514
211.875788
515.023874
76.167543
349.242352
699.713494
977.876043
669.608440
679.135672
620.341254
7.371401
217.142580
163.162541
226.182972
122.565197
46.151094
847.077358
101.859680
824.428005
752.691661
471.301995
902.028027
230.821740
576.954794
864.472734
432.508985
820.468786
620.216244
12.138953
623.465647
631.606165
267.332468
834.341435
145.630039
342.500011
182.583786
844.343534
319.376054
851.192227
522.479205
938.717308
857.563629
738.621785
100.879849
82.746600
860.186983
146.030943
928.823958
961.046663
969.458949
680.515619
431.348658
870.486975
910.337359
7.303451
733.959709
341.846344
826.772238
353.175952
352.985297
449.237884
983.782118
619.317765
282.579318
128.412157
960.817776
464.163105
971.755690
279.193829
314.355331
493.234894
216.911137
170.918960
230.856679
316.790986
252.665560
90.043662
461.821930
180.489518
50.090324
430.280878
860.005137
480.438982
299.767853
769.342495
486.742434
32.727561
110.188839
312.514672
384.903514
462.174136
760.752556
367.685631
80.491900
42.331874
495.097788
40.309675
505.494979
465.853477
318.503504
818.850310
958.088372
534.414641
988.769270
187.945051
850.205628
240.434830
276.988713
311.027558
419.924348
326.079037
740.308436
278.929485
805.518019
39.076288
47.271979
291.260452
70.803850
156.460818
602.775124
454.707364
617.634954
362.527679
821.392995
697.126854
403.859553
315.490782
736.436529
908.354532
780.344260
53.940033
726.204842
737.432631
587.354675
713.974112
924.377682
436.560302
953.408942
200.366395
746.587860
372.333289
525.445432
485.896295
650.262774
329.963450
523.972583
696.534753
620.223902
593.776433
851.995572
221.999026
47.483796
468.630526
583.526705
867.876791
164.757379
986.386258
182.367573
900.193909
893.740790
961.711833
953.133942
618.945632
698.144464
539.488616
331.919743
621.522146
975.048918
284.328685
820.888541
720.636777
655.661974
345.333972
205.533072
304.924747
674.297422
728.505655
1000.459501
293.521324
321.282088
851.455072
514.520350
367.765884
319.085598
97.047055
234.642675
482.842977
82.433313
416.010248
382.036885
975.174104
376.722080
334.170827
593.119735
73.866544
872.659443
924.039478
694.388690
846.708360
207.368162
514.277230
566.345137
862.030136
858.611202
770.878209
165.954883
531.908624
498.383864
165.414384
824.429948
818.665952
15.869456
337.950298
185.431835
333.955053
433.997353
419.074510
815.798030
515.430667
834.084758
196.834916
489.604770
209.806838
530.005742
81.724504
282.673381
401.665185
4.763982
976.062071
247.373545
211.132144
489.339301
812.718683
72.162280
346.950503
582.596891
237.117164
877.859127
79.980755
401.531547
701.289075
897.646706
416.401003
38.239372
82.078542
749.356057
471.236725
500.153052
564.154087
985.667392
333.237809
759.989002
474.272161
542.044647
288.994745
554.996665
823.718028
689.659930
558.760647
798.780099
936.033475
768.892792
287.119400
747.752157
840.055072
633.069903
329.349048
76.172236
509.929030
408.329803
476.703783
210.218104
304.976509
892.104787
247.457476
386.055051
640.460843
717.694201
885.208103
203.614929
702.361592
217.445911
962.603932
175.633753
758.490558
250.598676
729.630418
581.208587
939.258606
287.391066
378.988686
874.292081
55.283857
665.108086
621.044238
894.338929
297.177989
949.393287
969.511165
806.107018
356.723089
445.214948
15.325122
660.699599
336.319734
261.782598
45.754649
975.780577
978.476799
929.962752
178.395506
679.838391
146.408663
139.999438
854.472144
903.899221
389.598114
583.102563
484.107808
327.856720
869.493628
862.096494
201.148801
923.777485
526.204579
821.193039
817.116414
822.382568
769.586325
785.627579
627.489586
125.309414
229.842527
641.814708
785.009013
565.162261
902.597307
829.763662
539.942838
880.074105
758.726414
717.338344
558.912496
904.135077
856.337782
412.384640
807.034298
244.935896
994.487203
290.142106
571.792616
862.980831
151.238599
771.941417
785.758315
676.443178
592.134455
601.874729
497.825746
360.720780
386.502308
124.315332
485.030195
615.344835
765.130040
269.039208
179.507096
666.727347
97.802869
718.449934
545.801452
855.529283
434.788278
103.713947
758.664360
290.126060
515.098588
564.698658
534.061955
508.585790
853.840764
104.854571
370.566620
4.079363
875.795988
155.324936
679.522541
466.930443
756.199665
176.348287
826.651223
141.701973
299.663619
310.681418
756.046809
63.793659
578.720625
934.553905
729.521006
675.523495
652.003838
274.322457
530.052778
85.792116
377.036404
287.717137
374.918176
891.134992
851.415796
907.980131
398.720782
704.256559
11.834701
768.287403
707.335922
886.630689
922.612339
385.858463
352.561132
677.812003
561.206750
178.212354
818.513977
859.870369
487.893772
573.560785
922.664028
65.614397
507.114689
651.185033
740.137891
158.118527
924.507490
269.190669
242.910643
300.543893
555.907806
616.828819
190.678885
406.323602
523.808950
588.399667
109.580160
534.643652
355.687069
815.916082
420.274340
277.299407
200.774544
771.835472
954.111411
760.981294
949.047826
771.625387
619.851662
435.941597
344.186171
541.515690
500.555994
850.300860
191.700722
239.693885
7.419387
115.208212
507.884554
249.330030
414.752105
62.792360
865.158849
604.430990
468.115962
387.967798
191.830656
576.696122
921.611450
546.517726
391.612204
340.885790
822.817133
591.386749
111.721261
775.928544
351.368042
59.769087
546.553930
970.219705
494.710685
889.740101
510.735395
994.266679
739.040961
701.436117
232.960564
745.460347
815.644329
739.845118
993.790378
229.396434
801.637478
857.949226
832.827424
268.753439
244.917024
23.658080
844.449561
165.528474
569.175806
235.061765
505.414264
390.992939
825.448513
616.135526
165.921482
175.816555
674.904613
711.475413
145.036260
168.615298
600.215513
654.771655
161.881977
338.256474
355.207772
393.842541
82.716821
169.852101
132.687658
75.507198
398.248535
933.325136
932.456425
230.075959
201.078575
176.373449
252.734039
44.528135
340.901923
820.909846
278.589901
845.316187
210.902784
103.038413
460.451713
375.824267
277.854969
134.356325
86.299679
421.891229
301.971623
685.515192
75.662883
462.853600
22.771666
429.870655
855.696141
104.488487
598.722756
987.383799
178.995685
995.971291
919.708934
110.452109
225.047249
119.787509
285.825558
476.781288
163.315644
625.727481
296.691134
440.905545
470.043669
506.593918
542.943959
929.495381
881.418186
819.798928
62.851706
966.717865
240.690156
363.823330
651.233057
315.353040
825.676930
673.004722
744.223694
680.373070
776.493210
341.946450
666.756869
954.488895
336.917740
585.465803
63.941004
560.964989
704.253312
348.766563
36.746277
866.568957
973.494044
332.437411
306.474501
442.537712
838.031329
848.418460
371.033093
718.449515
667.217387
432.884800
684.167379
906.907544
795.708130
334.400435
221.260583
620.385059
6.405157
964.484277
299.758129
781.898367
305.430727
965.514998
735.387261
641.348467
549.980801
798.328265
201.313456
253.234113
146.094827
237.059734
118.803069
118.588871
568.497145
424.277571
560.126583
405.528474
271.696030
930.159677
122.977988
937.913418
362.044476
806.145367
843.820961
156.752605
139.545802
64.081543
776.137665
144.950959
27.565821
74.895794
925.849326
331.996548
39.410792
660.236587
972.345016
588.391593
457.564852
172.658472
840.625706
602.659680
408.718206
958.428775
720.248551
976.215350
381.706345
279.375134
380.743824
652.402375
208.534810
502.721813
589.315793
569.579286
307.867180
432.136754
725.331892
446.412982
495.218297
500.469556
590.363941
521.784118
574.365350
515.213267
852.780666
612.776142
174.449854
824.125682
200.167735
631.014707
995.784154
39.793440
232.674386
403.502359
997.222215
951.922938
378.717708
377.928560
230.298071
758.461533
29.330935
437.832882
260.183345
617.646727
6.412167
567.050525
48.783481
730.744059
12.463506
543.001778
230.213615
601.827447
63.785896
803.578965
116.040714
915.566562
415.355106
289.490568
738.692243
614.522841
919.505275
733.476396
653.316281
151.179660
135.978755
649.538496
102.102598
513.696463
26.467055
331.400669
271.157996
54.797990
768.233551
530.341341
671.444717
773.645718
96.391865
719.228198
503.389777
107.855371
261.229976
732.603392
708.682818
324.015871
535.182357
823.723532
238.582433
949.537464
112.214100
976.274676
563.060304
30.719374
708.751073
215.376585
180.899035
843.729827
863.915081
282.001633
356.426290
889.382136
612.402302
626.584286
943.180125
379.635852
155.925626
613.624842
152.281570
251.317491
331.853040
654.671348
358.172862
592.083015
386.274740
65.855680
915.098887
920.457097
888.579212
152.681319
868.994560
999.793311
127.955995
431.054864
29.512685
835.707068
645.431449
209.411720
678.436896
508.346530
490.413353
33.863185
396.728665
101.815654
659.447472
338.908790
480.451507
814.373098
951.533633
631.733077
64.690589
282.386672
285.404424
421.863452
873.469687
670.679164
486.719132
787.568574
590.136261
374.298343
939.249893
458.130821
373.091654
66.205888
888.185685
401.604340
900.912957
532.617134
610.016060
578.349852
39.963663
99.429412
611.213037
435.692329
200.245066
269.660508
773.601119
679.696573
83.033606
724.134751
310.429649
146.724196
5.521423
594.834074
567.587647
877.991110
264.513238
53.306778
664.559683
853.649499
426.605121
602.809576
310.780319
798.696775
668.015464
197.966003
199.301114
567.928420
729.583137
808.317174
145.278271
768.546801
906.746586
755.491309
203.239130
105.991652
24.151816
975.840249
784.688225
106.185423
698.975000
94.117875
251.909618
703.496423
687.951949
818.497265
580.487533
951.465186
870.804044
244.047216
804.114685
296.409165
845.856792
113.895003
94.105940
512.872255
310.861006
292.407054
79.800675
39.444144
99.724228
224.078947
806.990945
5.470814
978.570255
9.230074
110.462466
1.722072
984.070323
894.150691
106.907494
682.045323
987.268566
357.817113
384.541746
674.220514
175.314378
964.029279
624.685700
45.118422
207.076495
427.800384
340.527586
51.933286
540.695387
433.633526
563.805542
850.556394
725.040580
642.606218
889.000538
823.764808
865.685164
694.991483
828.235622
843.255420
703.221557
937.698088
843.977491
686.291880
830.848779
949.884985
367.337203
817.117345
306.702098
750.878948
490.337859
481.016476
713.908227
114.023559
525.134898
919.984722
540.823944
864.662484
970.918008
80.519331
297.296010
533.723550
930.075725
21.336590
175.329767
818.076262
844.101398
40.014931
512.067745
671.337019
882.270350
214.289301
608.035107
725.247841
899.581181
437.883886
674.132826
265.918383
254.001230
979.834924
15.797331
743.339089
459.851400
728.705559
856.362649
983.986298
647.690280
396.186592
847.648782
617.608288
475.705922
143.944791
150.331838
404.781647
164.281381
324.661605
221.857909
7.382779
363.676536
732.925654
677.719798
244.946886
946.214955
284.754905
969.194727
844.796136
721.638791
642.327553
109.714519
974.640022
621.162478
124.511850
716.979111
80.013877
852.217409
572.341759
63.000175
498.907689
967.528350
909.648957
115.515977
442.234273
52.593748
264.847815
846.015920
215.875129
588.509420
66.873828
222.257908
951.185956
798.799482
898.977706
195.132842
744.014437
182.732611
163.327569
587.810573
903.371402
804.655123
696.525092
877.011423
424.817600
820.036942
592.990534
503.831477
671.254351
164.332292
565.831652
169.162040
130.860643
474.480609
283.678017
572.094916
526.074356
547.525833
417.110835
740.949486
135.035252
482.984663
962.207394
85.221208
280.784145
860.185100
279.354050
23.798582
41.917710
441.681620
610.609155
944.289112
245.336742
306.134247
820.300535
669.154342
125.171189
412.291069
171.985818
795.425540
575.623361
736.817471
963.587580
705.484004
210.298079
246.265597
276.578919
735.372436
792.791429
692.689754
475.321921
926.826682
174.674417
436.529315
11.047889
454.458562
295.714414
289.401940
477.257145
336.632124
730.083560
86.866299
279.921235
974.420302
392.000547
99.221770
642.574643
516.171735
510.512838
813.560462
310.597275
85.136199
549.377932
273.184855
789.620203
758.676012
518.450452
65.199122
493.048447
310.241880
756.888876
967.370368
236.068562
930.563293
402.899683
246.116451
384.021855
697.614096
534.518391
860.278999
33.246219
263.601951
946.145299
312.167455
237.022252
337.145845
410.389225
878.596896
852.317581
919.902063
691.157357
161.914856
4.038262
239.535289
434.099710
792.658465
997.211301
951.550162
856.857587
489.259748
260.792042
612.746463
455.630116
495.860604
542.309756
857.529799
740.977055
925.331611
554.143895
274.495446
784.610609
586.390114
537.097397
729.755908
897.557569
773.119649
65.901753
306.946794
650.716544
917.219334
225.848856
340.873901
78.134189
228.887118
579.409191
511.233899
20.545584
575.620491
461.784061
876.403171
63.880239
721.576103
488.149634
518.510354
216.436706
29.459389
375.040153
956.413762
953.791000
928.184048
229.909208
737.401609
513.574162
766.006605
466.157517
410.131731
538.126254
531.059269
716.078524
187.842798
447.278603
940.927381
527.716699
524.412792
168.814499
106.125889
34.646692
188.360082
680.746380
495.430753
63.763253
743.626619
216.006855
550.912887
261.136973
431.443562
579.372276
635.177126
386.857323
532.163275
562.361173
615.766531
268.564884
74.935334
380.773136
733.722401
484.067065
917.899390
263.781670
199.145588
104.742187
710.060273
139.072969
631.458886
233.473065
306.887468
736.584775
267.119756
494.247551
416.331155
761.550509
557.010804
158.957774
976.557365
106.923691
419.094747
407.000926
685.295967
53.271872
792.858250
216.459243
614.633045
407.624781
484.024127
688.568379
787.397917
216.746527
171.635444
704.297306
479.528196
369.781032
808.039493
188.588469
507.854002
438.498379
421.061534
813.741470
174.083154
687.181290
306.989020
589.414310
447.731799
862.999825
747.372084
423.289164
968.923515
165.466830
829.290090
653.219482
217.738702
621.148340
868.678725
831.371748
27.773120
351.702851
518.940127
814.171037
567.449377
689.575570
517.468343
45.977574
58.356603
324.507835
233.566042
565.210604
762.006215
653.627576
377.952074
935.089369
339.808867
683.941094
523.503678
786.540666
545.940918
269.875762
208.829829
513.864433
434.342592
37.119919
166.083915
651.081294
657.268259
33.762639
481.453042
684.041379
384.465490
999.393169
497.212415
950.914868
687.968739
13.680757
995.892442
745.325342
337.188593
228.458484
309.535945
98.194807
881.086061
686.488019
32.284176
219.894927
369.429112
554.787854
5.435593
914.370031
823.663616
213.265423
427.234463
257.006208
249.385342
592.318379
907.087502
905.653601
625.081018
387.540544
588.694979
8.546508
385.933713
84.907394
958.461376
72.902451
97.588152
953.353818
817.227793
433.776745
180.812301
125.763737
530.971552
60.898362
811.251756
562.255728
279.793289
179.680868
116.043582
284.228882
93.050899
938.707199
496.494304
519.285363
194.713406
744.879646
110.603741
100.800908
649.533247
734.684759
487.341452
237.228226
742.231267
872.275165
321.135620
699.692643
944.177616
417.723772
652.046461
760.405408
850.500517
831.858762
885.169146
380.472069
891.757124
695.420902
941.727797
170.550412
874.101770
56.771379
453.779295
966.152670
994.478578
949.273599
484.438032
188.191983
693.153246
594.041773
287.992892
341.686492
327.726532
774.334344
577.914718
68.957799
645.609509
898.050338
767.650442
588.787125
314.774109
418.696902
348.192533
164.274626
249.555664
232.361678
543.746695
140.312788
926.782580
484.474491
309.863200
799.884350
540.245870
762.642495
765.037019
533.724447
710.916094
248.475051
720.916431
403.069339
841.516824
7.909322
743.755831
168.243355
781.243667
320.670549
236.201154
425.853175
217.720886
2.851595
13.640299
531.494996
420.548498
360.832832
694.769622
669.104162
592.194510
237.516316
808.416950
517.977089
720.990807
117.280150
316.861439
260.236677
878.922646
80.898458
792.961124
588.838739
328.373508
512.877555
990.908079
168.890331
519.786877
733.663909
336.133686
300.030543
53.334458
571.334840
724.883719
270.055344
573.186436
737.524018
800.550340
992.734934
97.356849
494.319961
660.839095
688.551359
730.836277
468.256045
205.528448
450.827084
584.536196
521.389887
710.063760
462.458841
601.288344
502.024884
50.297580
928.661852
13.902439
40.205658
96.552184
532.689316
772.869568
431.685870
831.719860
825.204026
2.020710
555.603578
94.259370
574.207146
292.127596
893.809709
565.942079
388.484445
387.129670
225.781174
76.035804
116.965948
693.037220
280.564252
566.793031
276.573415
800.954139
275.856791
738.032256
401.242483
776.881676
787.329836
328.904335
789.784115
826.535495
424.456519
321.473430
598.405062
855.142389
152.193290
422.609087
856.163099
706.796868
515.868457
429.370245
997.924464
408.678166
994.312324
385.408909
794.807837
219.093498
460.444714
910.773784
911.130718
740.008966
476.566815
186.704133
539.963104
751.423607
923.736390
940.205587
527.305282
710.066226
268.109922
316.089396
535.601720
691.566441
636.562827
133.006782
545.708830
787.756117
554.615869
400.871928
493.552985
69.484325
829.242173
490.477449
477.162492
822.554497
874.886358
270.970328
40.647996
334.331071
180.744112
950.778714
73.340037
656.310927
136.482847
612.303141
406.734534
59.219236
551.508728
933.039816
768.285462
818.618650
248.129212
302.887181
509.185090
883.692039
434.893963
53.893919
670.448156
988.509832
453.765848
163.001140
56.994157
282.008021
652.478590
533.156649
103.562518
526.364948
803.126977
143.210514
859.696019
982.871088
92.989227
932.036056
638.182015
228.472074
543.339197
43.916548
286.691310
93.847924
975.956364
53.976772
911.466574
223.085576
355.863953
419.651664
105.777615
789.757916
472.545584
775.225771
777.267748
925.311432
937.226911
833.261905
206.319453
588.705501
365.418554
308.881971
114.070448
167.545530
451.092485
972.766467
149.416618
543.081713
903.802523
786.598634
770.553787
446.141719
829.515183
56.245097
538.989643
804.471547
109.221869
449.456217
26.557122
464.085822
868.107882
131.334737
252.843738
339.653465
905.560508
29.111485
263.964897
841.787419
861.373391
469.284350
429.492920
225.791944
777.166322
542.563368
392.337475
227.258807
514.329835
540.754093
