889.708191
500.517700
100.580215
130.527710
179.156204
721.038269
986.306641
974.457336
150.958923
437.228760
807.400940
962.843872
573.587952
286.148132
197.359573
593.860107
909.398132
419.989197
565.917175
692.733093
141.495468
207.829681
416.654083
262.192413
214.070328
281.198853
113.631454
577.097961
306.352661
684.422302
801.130432
344.986572
300.683685
306.985779
298.361969
552.237610
41.284805
725.841370
474.491241
136.455215
330.917145
699.602295
962.366089
45.302879
394.545471
994.697876
519.704285
579.380127
547.960876
827.396240
957.874634
437.797028
361.288605
825.120178
51.604980
875.841187
504.496765
170.670303
643.553040
622.498352
521.077576
608.599182
589.018738
613.676880
835.899475
245.783630
288.773865
634.800293
916.753967
326.397675
820.829224
493.703522
182.611023
98.264153
334.826447
60.578770
591.013916
908.400757
368.893250
586.526428
548.125610
897.580200
542.060547
281.759857
129.547745
508.298889
328.125671
172.989304
692.034180
925.172913
299.365601
470.564850
602.612549
364.769043
206.993576
936.443787
524.135193
536.869263
522.330688
801.655457
413.512817
774.460999
769.799072
957.558411
481.955139
740.957581
98.073776
283.246552
438.113098
805.682861
41.494720
158.775452
985.561707
313.841522
400.574463
2.804491
520.938354
109.817863
600.752747
456.954376
476.603302
104.210739
835.612549
65.168663
613.103638
18.731190
360.377228
584.505981
644.845947
300.213287
429.417297
205.489258
983.757202
793.903198
665.360657
893.986633
921.185608
653.863464
3.500257
646.499695
175.651855
595.372437
883.555420
814.112427
374.885254
285.292694
105.803970
335.552704
446.660065
53.030743
541.128601
569.916443
960.369629
334.222961
451.229889
792.135864
844.168335
529.819702
270.081268
268.957642
252.879211
771.251282
403.248596
795.424072
850.647400
654.973572
453.389343
568.610779
317.370514
104.595955
661.796021
752.860901
917.538879
102.677048
638.205383
499.830017
858.998901
976.827148
216.298660
507.242065
214.644913
465.014801
952.975586
273.106659
495.049133
656.362610
456.459198
465.471680
540.669434
3.830465
223.603836
272.041626
524.002869
821.008118
205.829254
268.555206
666.614502
991.717285
819.021851
467.093658
44.398106
916.789734
318.065643
234.223511
322.572754
952.562195
862.249573
289.259399
672.965942
98.845268
407.183502
807.674072
849.056213
628.477539
680.923706
586.043701
77.607140
265.725861
599.724121
231.008011
461.323151
886.349854
168.098740
527.997620
91.508392
981.716064
218.276306
902.359802
445.356049
292.171204
127.750336
865.269897
169.201096
433.422577
436.115479
679.055359
604.250488
478.883026
720.277100
320.362610
234.220703
888.332947
917.966125
448.856079
359.352264
997.489990
80.356232
195.251175
208.671036
959.549255
611.011292
363.949707
830.172119
242.798309
284.887848
245.662338
478.478821
754.067139
106.246628
60.961346
296.058838
561.202637
513.917908
537.801025
579.669067
650.375061
987.580139
206.871628
598.659729
461.315094
781.839172
546.284241
482.299469
373.232178
668.325867
632.265869
46.285278
588.293091
500.758728
783.140930
512.829956
327.764404
777.794189
115.909645
87.748650
779.782471
389.920380
411.277527
817.820557
923.871948
221.974945
110.067268
861.329346
327.946899
559.095520
546.526550
806.152161
562.340393
173.994324
212.854752
691.045532
308.966217
933.248962
573.099792
355.133850
387.327484
425.480743
843.308044
987.851379
303.233795
782.420349
275.880676
997.755188
373.532257
8.642387
962.139587
10.602065
383.079315
168.567413
271.003723
940.461304
632.068726
402.451477
15.371072
221.862152
681.290771
482.662445
758.338623
1.700029
306.478638
412.392670
820.987427
25.780500
443.618042
532.805725
641.234558
794.508911
835.049255
601.450562
902.395142
424.250641
46.367928
753.933228
317.365845
998.495422
460.855164
552.282288
491.603882
508.869781
872.046143
518.527832
612.570740
807.185364
657.530945
893.113770
614.612488
640.106323
257.798340
878.584229
440.172363
437.567352
247.324265
148.240494
538.640259
440.288879
248.916000
61.678387
260.475403
386.946533
86.385849
449.630249
805.013062
899.987244
676.957825
969.788879
818.625977
845.855896
563.148254
290.326874
808.035400
774.322021
290.724274
379.610474
72.686287
82.417625
588.129517
517.017700
147.479004
637.755615
837.602478
220.450058
922.687134
540.188171
607.846130
736.038818
973.770081
507.963409
789.179626
756.112915
429.424896
292.008148
371.857697
441.650543
468.833099
186.512756
618.152405
40.279129
62.949127
290.251709
383.498932
196.159531
188.654984
567.418091
791.615601
185.590439
752.850525
429.418396
22.227699
815.369080
385.250641
138.416748
195.743607
331.778046
187.046829
49.623310
60.822254
306.548737
310.148926
726.207336
328.900726
817.080811
64.283012
405.543945
349.032196
426.162506
615.049316
484.591034
347.881378
145.731232
731.713135
881.498108
805.684448
419.424988
495.448151
459.468262
109.904152
412.547302
523.779907
234.808578
74.294205
923.869690
981.408020
749.147888
236.891281
131.458298
843.389893
319.682037
265.233154
696.780334
7.877695
932.323669
289.971344
907.197205
545.260376
407.446228
648.201477
216.788254
693.079224
687.978394
618.689575
792.598511
227.221603
75.626648
803.160095
828.081909
456.195374
77.329597
76.554016
26.126457
243.307831
936.688354
898.058838
354.002625
524.709045
464.446106
294.476990
827.091064
226.422943
168.279800
717.971863
942.456604
537.081970
273.466583
154.918716
380.641357
699.600769
903.005981
799.898560
848.652100
52.649868
887.861572
170.969101
127.197197
284.966309
926.501892
920.017151
968.323303
445.073669
645.617188
330.213806
431.766113
55.353878
677.739014
565.504089
169.295761
827.075073
305.435577
799.100159
665.613892
405.201263
520.003357
509.472656
639.109497
899.447693
751.757996
293.038055
266.945129
452.403290
42.487812
85.776047
332.973480
549.772522
77.685127
62.925404
940.992249
785.789062
561.824768
513.531311
321.069092
740.661804
906.238037
971.536743
33.185658
992.482849
409.466980
471.053680
315.725006
945.805054
957.711792
125.348061
271.048065
609.780273
932.074585
585.785767
958.648865
273.257721
241.755692
926.886353
840.540344
581.407288
563.069763
563.131958
677.757874
921.179810
81.803452
167.522354
438.833405
654.934631
949.620850
16.737053
719.634155
78.016335
652.575989
347.288818
673.512390
661.823242
430.628571
300.308868
737.113525
310.778107
146.344193
180.695663
37.883331
757.578064
302.570618
125.196190
490.212555
238.973114
139.366867
872.604492
68.058159
62.990650
731.727539
220.333557
991.752747
3.258758
742.299072
537.574097
684.681641
564.195374
256.739594
728.586914
679.157043
275.231628
847.138550
994.133850
375.220856
618.608032
77.376221
141.876999
492.358978
630.238342
517.004822
35.057587
559.127319
799.318970
500.980804
897.264404
122.801292
60.830338
382.396759
207.187637
833.018494
282.097778
292.151367
472.917694
477.731079
95.609543
586.017212
413.408234
410.891663
963.765808
720.127136
837.434021
540.214783
880.384888
400.456909
189.822296
616.511719
410.599243
576.843262
221.487213
175.073059
899.794739
713.827393
648.542480
128.715820
3.516589
988.578918
869.153564
815.949646
586.878662
396.729797
15.277920
252.881958
581.246460
90.711800
591.536987
886.867920
239.184464
20.517878
834.755981
187.027756
956.144714
462.245667
835.471924
249.401337
974.156067
62.806229
205.491211
858.421021
15.937643
402.700287
182.666199
785.772583
119.528595
496.279449
870.109558
925.566101
662.344971
421.469238
204.843857
353.352539
53.111977
53.156712
13.740624
879.611267
173.305344
982.988647
877.134094
396.439392
773.665710
942.761230
284.400696
97.216255
614.237366
190.887161
483.502869
214.555695
721.722290
309.992401
301.195831
128.518723
174.500702
328.374634
897.622681
849.648010
400.639648
41.227367
434.631226
321.179169
402.685944
166.250351
681.578369
810.060974
564.798157
22.528959
174.510483
934.345825
569.990417
288.083435
857.395264
212.109619
293.165863
802.183350
32.945267
273.620667
61.112419
546.448730
615.047363
602.452209
660.049438
149.957077
391.287689
781.654663
36.975357
866.607727
642.926392
190.271240
702.353149
421.482727
767.953064
475.528503
143.024643
382.676697
659.360596
44.685390
410.926270
796.509644
466.090302
212.164505
308.528503
129.738556
890.406067
542.880798
20.319889
369.502228
946.954224
450.610504
386.276337
122.456108
979.124634
198.709930
424.818909
408.246735
986.590698
264.337769
97.835220
393.481567
611.948242
896.727051
609.535645
94.223297
174.378555
940.985107
385.934509
516.111145
252.469345
264.820251
64.243011
657.745178
305.184662
737.707336
61.645561
889.755493
871.856201
947.541016
497.754517
3.412586
414.479218
789.444031
820.804993
63.392700
189.226334
608.075073
690.393494
856.994324
902.564636
187.918976
724.970520
550.472656
3.870366
904.216492
945.128418
97.498215
729.793091
626.035217
710.815247
816.688477
946.238831
824.163147
67.212357
499.832825
630.575134
786.083191
955.429626
269.998138
17.332518
185.048615
873.717590
821.754028
42.005077
171.694611
960.088074
283.279846
216.335327
472.463013
832.197327
275.978607
971.056335
697.402161
447.406036
569.648560
870.257690
470.431396
825.089966
517.085022
304.182831
520.991638
531.597046
383.701294
556.279968
796.679504
745.190002
811.816833
941.356750
502.406677
579.576416
261.316315
681.174377
100.217178
826.269165
954.346375
585.305969
997.093384
710.186890
108.604347
976.317139
690.897156
760.600403
422.326416
118.913208
78.597939
310.410156
362.780304
36.469070
997.982300
478.724670
687.694214
687.185669
712.941711
325.659607
855.905212
18.950436
146.870819
241.963181
277.878021
553.320923
869.985535
958.252991
876.119080
900.272644
55.413651
774.691833
252.782623
966.812744
769.187805
30.352230
151.072510
245.108063
558.744385
311.796661
832.789001
669.235229
179.788773
614.942078
466.629486
366.844086
142.249283
126.580780
519.153137
640.483459
902.482117
845.111389
292.543213
800.805359
472.607849
626.058960
405.679321
218.846939
203.605728
286.778534
225.594818
49.285816
624.096191
269.249146
657.210449
796.372009
80.334778
14.057627
29.580650
145.243347
538.232178
582.358276
229.006332
67.928528
291.749969
476.377625
613.299194
970.748962
617.108276
705.392395
24.503141
286.113617
431.843109
602.498657
355.847015
912.677795
368.775574
256.191528
813.581177
915.873962
985.756042
162.077805
735.649902
601.150269
637.525513
43.346733
457.456726
447.297638
506.628632
105.910919
247.651627
570.285095
100.655487
285.048035
780.366089
181.407379
284.830933
251.251373
149.148026
385.605774
525.552307
750.356018
191.227890
492.595184
951.828064
801.863098
167.584625
560.382812
761.890869
780.376587
876.656372
271.312500
278.632843
147.996140
764.853455
853.638245
613.766418
649.058960
19.451605
900.225159
636.249756
335.324402
949.492859
856.842896
36.141445
729.388855
349.888489
502.743744
827.586304
827.706726
661.212769
708.523010
599.285278
200.485580
395.855865
451.093414
264.975403
290.271362
575.665833
93.649986
357.303833
916.115356
664.899902
321.531738
988.964355
309.053253
205.631073
284.138550
114.208176
160.647064
200.458969
846.841187
936.510193
869.552246
106.584496
876.427612
639.746033
595.106873
693.731567
403.450714
703.834167
83.466324
991.170898
25.914715
6.975529
670.460144
248.229660
101.398697
710.740051
94.874474
971.413635
127.994263
237.681580
192.656174
990.897400
377.151337
688.209229
351.363861
542.537781
679.540161
37.415375
761.528503
486.462158
292.054718
604.951538
778.685059
367.868622
93.226318
967.880188
178.551498
150.565002
816.504822
807.572937
58.490105
809.826111
203.096130
211.424164
870.286926
57.075630
248.006424
960.924561
882.510620
654.848694
273.351593
841.435303
405.723938
853.994507
610.660217
92.113518
367.926971
557.180542
584.724609
28.986498
976.950623
790.717407
344.232513
548.745361
217.961365
605.476807
753.750427
535.076782
175.565018
594.157715
976.660095
23.994602
946.020203
227.130173
779.125732
728.249939
204.168533
608.773987
552.901306
484.656921
187.233231
997.584229
631.854126
892.638428
701.679382
650.387085
597.566345
362.931976
275.839478
571.163086
264.747192
293.555817
255.594559
147.679733
526.285645
176.428406
45.537102
605.063721
422.540741
55.743484
614.477234
606.519409
296.904846
105.113029
887.025513
322.726868
165.420868
413.357605
12.092277
643.078064
774.298706
817.888000
119.881699
609.531250
119.010841
481.748535
974.925415
192.167847
505.932129
216.716690
192.791824
223.519608
783.386169
474.667877
165.767456
371.742706
835.672302
675.792542
855.572510
770.684875
144.847824
428.416565
145.085434
924.284119
946.824158
367.296570
677.059204
475.943451
453.718445
86.956009
1000.376038
119.437325
409.471832
410.405670
749.851746
472.751556
704.388306
478.216034
271.733704
991.517761
514.779419
490.974884
52.817020
65.243439
380.454346
557.987549
643.692688
957.607239
851.794250
367.920532
21.718901
281.870392
590.970337
534.560791
950.361816
578.148315
938.654114
46.463398
982.893982
602.575500
955.571716
363.197205
677.493347
364.727844
939.700745
670.754822
689.116699
269.915710
150.839661
664.947021
669.855347
239.340134
737.761658
191.067032
777.950195
488.158112
729.122314
653.316223
489.097382
968.467834
600.442322
249.138733
952.127136
344.843170
719.657837
142.086395
414.078033
484.308228
49.273102
115.787819
934.221924
420.377655
135.815704
34.138813
761.654480
916.679932
610.087158
138.193939
484.437439
99.595253
788.856140
566.812378
405.171417
583.818665
316.144257
238.742371
664.516602
847.287842
689.082275
198.018311
983.302490
299.290192
636.156250
273.484344
209.953995
799.127869
152.567307
779.486023
330.533539
718.495422
511.491913
786.890320
533.782837
769.484924
724.112305
262.341797
78.401894
545.387024
706.779785
628.604675
348.146210
319.318085
256.137787
845.217163
114.754501
773.920288
80.528893
338.627106
121.917038
431.467987
81.632462
642.075378
22.914118
635.024902
978.709045
18.405436
973.468994
283.114746
19.470198
508.143097
604.381531
568.667908
839.607239
81.015846
961.747925
334.410553
571.866272
359.633575
456.395996
1.472855
352.303589
268.144470
507.590027
650.060913
257.994629
59.718346
664.366333
439.228180
976.190247
603.950195
606.598328
889.414795
412.919525
480.973663
969.615784
879.014587
359.160706
203.114243
178.374435
638.299133
892.458740
160.920151
968.510925
572.099792
250.595398
240.467514
513.995789
212.188614
251.104874
269.587006
199.276291
10.273240
968.813843
587.745850
607.500732
504.250153
617.147644
118.946304
981.036865
987.555786
321.358978
116.244812
749.506592
14.899168
849.703308
859.427185
115.658699
326.011200
938.973938
185.363220
599.910034
574.831238
994.481079
662.528442
848.817200
140.326981
298.530487
165.121536
699.191833
430.721283
177.684769
141.647995
787.393799
337.869476
412.190399
581.350220
328.284210
988.393066
710.655762
802.237671
286.276276
901.671509
50.961491
805.280396
514.766296
596.216980
396.558502
463.073090
362.514374
389.205139
568.083679
24.473555
910.565063
912.797974
813.542114
499.134033
376.203430
784.792480
254.065994
364.120056
924.342346
69.319763
187.155426
425.379486
504.270325
752.276184
481.995880
387.905212
143.325531
90.507973
134.626282
120.555435
208.011841
571.807983
315.031097
829.474792
365.731567
712.970703
688.540649
220.695053
537.594604
491.204224
82.631279
531.726501
624.236267
60.818398
69.463737
330.723633
177.964630
945.423218
393.155975
421.072021
117.365128
243.251328
609.950623
392.487915
332.316650
254.278915
847.115051
970.952515
924.632935
913.543579
781.853699
640.185425
388.392120
884.267273
74.933212
726.791992
403.272888
586.111572
47.390347
2.145925
554.868103
499.023132
195.185883
422.740479
202.002838
910.651611
743.085388
64.930580
826.928650
552.895691
938.060669
864.086182
330.645996
58.408943
71.263313
314.458893
698.243774
733.321228
349.141235
743.763672
311.059784
105.555756
228.768860
209.087006
625.649841
298.020294
748.914246
746.432739
705.186279
228.535370
821.490479
606.944702
917.156738
441.620697
131.360275
998.064148
930.573059
386.178986
365.126434
988.145630
732.178162
380.492554
955.480103
628.765442
535.676636
956.039795
480.905914
461.172791
880.217102
518.897339
789.029541
125.633957
651.661560
546.625122
621.490479
866.789368
109.179955
114.760674
740.285889
885.154053
843.199463
959.778259
825.124756
513.819336
470.902863
276.674469
147.830963
474.415924
994.154053
106.036407
909.801208
414.806793
13.800597
409.860565
621.479614
402.454895
902.451172
873.158997
448.222382
813.149231
61.725517
43.433846
101.149452
337.913361
738.411133
476.576447
993.225586
646.422668
797.702942
258.329041
688.424500
201.186203
390.456818
682.257690
99.316986
809.350647
560.854614
751.744141
242.090378
392.594788
314.321716
992.401001
18.925150
744.890991
825.744263
96.648163
746.185608
595.780762
977.468262
593.274109
917.601685
42.506390
952.405945
997.217773
24.964548
507.870270
497.572174
154.065079
758.286316
948.145569
755.084412
762.261169
874.138245
554.697998
586.786560
308.357178
63.961170
564.937256
659.430298
559.129150
779.878967
876.582214
433.138611
199.960449
839.760498
669.567871
360.836487
534.133545
290.491302
906.571960
75.007324
169.673553
117.044106
100.967964
169.297852
28.159988
543.035095
299.704376
649.775452
169.711914
993.595703
94.311913
804.037659
443.871948
672.903320
898.101868
950.453918
843.378235
321.289429
36.197586
873.082031
95.424362
838.112793
924.638916
590.386169
651.816101
947.644348
691.139648
206.711288
135.787521
539.472595
690.112549
731.304993
38.689838
183.228348
77.305420
743.107056
303.921051
310.870056
903.186951
693.695740
448.252472
832.600281
507.450531
163.510818
718.915527
824.076172
472.816772
714.023254
319.577087
672.083374
589.156250
81.525078
388.607178
966.081726
76.769974
196.991104
428.515167
843.457886
105.741325
668.238708
486.580566
255.641800
742.070923
558.489258
704.163330
652.179321
708.253662
488.652039
480.761230
88.309067
677.561401
701.655518
258.933899
56.309628
868.780396
392.293030
707.536133
384.750061
917.278503
984.567688
972.191406
966.026855
717.646912
35.701851
520.408447
825.518616
98.937729
57.017288
981.578613
622.624329
424.876770
493.001373
31.662937
805.719971
105.094383
419.632263
157.431244
431.691315
881.798096
321.732605
141.517349
946.975769
984.666382
537.102295
404.941864
164.275192
744.103027
354.614807
984.559570
185.043228
463.251221
722.678894
971.916870
834.089111
58.242226
506.306793
410.143097
612.924438
564.232117
223.896088
160.842133
625.816223
668.692200
589.912720
794.087952
752.147888
993.525330
768.123413
419.347931
564.583618
756.670959
337.887085
803.091370
932.188049
362.178925
560.513123
153.691162
591.238708
758.321106
370.233856
666.113525
697.278931
562.951416
576.950562
737.819946
606.373352
326.278473
694.778381
782.235352
848.493713
142.727844
813.334167
356.727325
843.280273
778.375610
736.468018
275.741608
805.765747
48.558483
992.233521
197.849930
798.616150
779.282715
419.539459
184.217224
857.650879
568.770813
105.709351
950.101685
478.933014
971.052490
765.143921
408.910980
828.011963
373.170441
190.025925
137.669891
300.606201
410.612335
619.472107
931.492981
414.337097
799.690552
900.435303
504.700226
580.336548
320.201813
866.057678
83.865402
46.152889
920.523254
546.739136
308.543335
469.102051
782.145874
72.581665
492.175293
814.219055
783.192261
83.109779
932.011536
492.247375
368.672363
168.481567
722.265381
359.040344
703.020752
742.908203
986.091797
55.038498
316.754974
171.624542
99.495087
897.269897
277.771637
436.519592
656.077942
374.019562
273.637970
41.313877
976.223206
686.940125
436.615570
107.236717
457.975891
89.931587
757.945190
671.162292
282.170288
793.996887
901.651978
455.884979
503.412750
134.207031
947.245850
636.323914
202.378189
799.892883
950.783813
446.826050
920.529114
291.630554
764.961731
386.677734
632.753479
297.316467
658.965515
151.889160
415.994629
761.258484
715.064148
154.410248
987.179321
931.556763
863.578918
957.121216
232.473404
744.329590
604.499451
671.050903
476.364960
581.119324
121.260124
458.911194
690.806213
264.064850
700.614197
353.992798
985.264465
683.926086
523.316895
526.803162
575.827148
292.351227
562.419434
67.060394
669.158936
680.224487
636.211670
188.959229
989.330566
157.592163
491.304321
518.339966
833.034973
654.358093
319.131958
151.424515
45.696941
733.143677
235.558731
384.030243
188.701431
830.952698
493.102356
208.704269
791.124573
445.367615
551.166687
115.271500
284.331146
646.321716
228.057159
488.941193
873.725464
685.114746
46.905739
603.412354
165.146194
262.978577
352.721619
290.971558
725.782104
60.675777
662.156372
234.438248
388.354401
396.208221
388.689850
903.363342
47.868587
556.922180
599.986389
622.973816
663.437683
163.492096
296.245361
771.472778
865.496399
679.074829
542.012573
874.061829
187.468414
478.040894
506.314819
135.988647
684.447571
886.831604
190.891220
623.533325
762.013306
288.782654
210.990326
882.147583
563.238281
954.229919
741.768677
733.686951
252.203506
64.361038
122.310547
875.654236
498.930603
711.573608
604.558289
806.710205
890.025391
253.249390
848.276550
387.710266
24.295416
4.358257
647.795044
617.517151
571.919983
572.483582
920.673767
763.746216
812.602722
237.636459
764.438049
46.198494
789.621948
90.845795
635.983398
596.993774
916.587952
543.087097
806.285950
374.849487
17.553656
423.004486
316.110901
405.757935
157.784912
233.020874
413.543030
291.437134
183.592896
955.100708
971.622314
7.728977
973.870972
966.451050
392.226837
7.102788
734.728027
175.255707
447.065063
247.712326
271.968597
692.104614
926.090210
231.248322
564.861145
807.309692
818.421265
39.258915
545.329590
826.924561
739.902405
134.280579
589.053589
732.251221
367.782471
154.576172
680.107910
164.090302
785.533447
38.382488
145.514511
710.828247
209.081833
718.148621
545.781006
981.022827
484.312500
998.257080
483.736603
129.118835
789.591309
354.654419
219.539322
377.645844
189.333221
12.736582
785.645935
514.138733
367.043030
619.908142
407.894958
102.785904
473.944763
906.217468
862.859680
339.298248
418.435852
433.800659
95.135284
289.265259
645.818176
471.115112
252.173676
406.893768
535.976868
49.308193
133.382629
32.684341
487.285187
593.880737
805.510620
830.703918
468.677155
815.865173
498.286255
226.403824
190.037018
857.489807
180.115082
273.116272
231.462158
463.271759
595.452332
978.008606
842.533386
96.259750
342.510254
1.920501
606.264038
375.329254
837.789551
558.692566
897.893555
170.522278
218.981384
667.476807
216.866943
297.263672
919.203003
358.631073
67.676147
563.423462
667.948914
563.023010
779.844116
173.400406
866.645813
548.174744
1.843472
261.239319
338.355255
771.709839
954.263733
460.783417
844.140808
139.483093
12.912721
735.277893
473.200714
364.791931
667.484253
719.747375
331.119995
20.819002
303.579346
254.572479
463.682068
513.538086
449.834167
654.048340
639.277771
1.879521
441.299835
762.892090
84.275734
134.271698
3.979648
27.905966
435.253174
2.499733
416.321655
579.468445
36.020599
385.106598
880.262146
568.827942
238.098846
56.021275
527.421997
260.785431
614.361389
488.197693
569.411377
878.582397
361.645599
759.298828
924.007507
109.274948
632.795715
539.093628
943.481995
616.764282
544.025574
559.012268
430.430298
817.145386
582.093689
804.395996
306.366760
841.013794
932.023560
631.799683
213.672714
116.577240
238.802902
987.763550
167.655243
59.808285
918.063232
53.430573
433.449493
326.534332
98.469711
708.759521
144.226318
363.125031
579.685913
278.661163
100.882721
146.610535
526.013550
374.960876
575.120667
673.500366
874.280457
818.025818
809.092773
935.995178
316.059479
237.997299
447.168823
870.832153
636.396057
295.608582
550.677795
111.556091
831.019043
629.855713
71.172638
154.846436
688.240601
46.371178
175.856049
188.715134
339.382660
151.775513
123.344269
110.119194
334.027863
137.053497
587.258972
505.813110
313.486359
491.637390
286.858643
706.134949
481.223633
121.372360
862.205994
935.015259
477.494171
676.178528
61.563316
939.260620
315.469269
266.907715
322.677948
536.573059
831.013367
603.927368
987.576660
229.215439
297.210510
186.739670
564.859558
722.790649
85.381226
298.705383
611.975403
234.750076
994.020691
432.533752
920.397095
910.317688
981.351074
121.493759
240.783981
179.940598
902.261292
506.580200
91.296318
890.719238
615.237732
81.032822
666.473267
72.721710
749.190613
219.464905
891.788574
12.961550
164.362747
556.007141
37.593277
525.990234
805.771301
344.046265
495.070099
181.013580
899.521179
618.240051
760.747498
407.761200
172.020126
931.105957
123.015350
354.802429
596.686035
700.450562
935.308228
277.722504
610.813660
506.657593
670.830200
581.570190
774.117676
790.601196
186.200500
664.479980
764.422485
431.403015
297.035034
985.105408
71.771767
189.617859
562.405762
188.560730
625.832336
679.721375
428.639465
787.009094
333.885651
961.535217
464.179047
595.819214
856.635315
405.579315
427.669647
155.814835
987.117310
321.655670
654.436401
34.893192
307.956207
121.528214
486.660217
849.144836
107.875549
527.818420
83.165863
569.476196
307.292847
228.551041
150.150925
645.474243
426.748169
184.740997
172.364563
27.403963
114.410614
64.463425
914.845886
614.450134
752.589172
693.951477
194.936752
123.145737
762.108337
916.858032
131.054794
839.624512
530.931030
734.343506
135.586197
292.028717
446.754669
891.900269
192.453720
671.701050
113.558083
641.034607
547.464600
712.912903
255.769455
559.650330
57.143677
629.067505
85.205025
632.314819
909.935059
23.783842
762.160278
460.987885
738.713684
489.970612
984.730957
45.740379
817.535461
96.269600
834.208008
503.496033
814.218140
185.600815
988.573608
716.845337
302.173798
949.091187
481.153534
124.141190
779.672241
512.722656
829.287781
350.831604
937.672180
748.201416
694.857422
260.453827
621.785400
483.862823
705.906982
137.551682
158.749191
81.828323
252.487564
80.166153
218.130615
576.907776
638.027405
409.170715
318.895203
311.681122
597.595276
375.101715
838.896729
651.789062
522.209106
388.785919
352.342133
776.925903
546.427429
428.322937
396.831451
129.948730
714.278870
432.576477
361.756989
929.849487
586.485352
109.147438
56.891117
615.460144
56.157337
822.286438
823.288818
391.625641
403.478424
143.884995
37.667091
149.661179
786.923096
142.731308
234.087311
569.748169
225.618484
392.665466
512.305359
227.471695
509.113129
508.622253
304.706909
953.287292
384.580475
707.861755
633.776978
20.272821
110.946152
920.765625
129.055252
917.966492
656.650574
239.178879
77.190674
485.051758
560.208984
652.687134
330.526306
273.190735
201.375244
688.112549
292.801483
620.941467
76.205162
124.487679
65.054642
383.024567
759.588928
248.379150
678.787964
905.308411
648.800659
356.350128
358.555084
191.219833
509.884369
782.933838
843.652100
808.367859
496.303009
560.927307
480.695892
661.374084
672.632019
774.089172
985.011169
191.148880
12.766516
391.181702
167.599640
314.805847
456.936615
161.300934
962.292603
913.656982
994.341003
724.871094
605.329773
663.050842
117.888260
537.703796
86.532043
201.511795
497.980591
965.448242
377.260315
877.018372
576.394775
916.301575
386.340607
352.248291
23.026546
697.428406
665.130554
392.389099
602.445923
236.394470
825.404053
170.242966
209.136093
545.161133
28.774256
886.411560
190.003052
675.628357
967.836975
767.233826
562.745117
304.561920
153.621094
56.931877
670.158203
86.596977
972.908264
604.891602
909.374084
382.821564
659.803833
478.460571
485.857422
484.641998
126.347069
296.478516
776.672241
15.525405
895.763367
125.776978
315.232330
208.784744
57.068710
861.369385
659.034302
911.087280
778.099182
330.893188
380.114410
184.157654
226.856140
848.975586
286.717896
611.299927
694.057983
246.721359
185.081848
530.165283
779.519653
321.831604
362.014343
725.492065
895.126770
889.574646
834.321106
396.125122
687.756897
51.331509
696.102600
72.253098
319.886841
944.383606
405.364349
208.196457
761.536316
911.050842
499.787537
173.767258
377.442047
129.436981
932.864441
596.390747
760.340759
780.862915
558.734924
88.602325
533.798157
159.760773
556.993164
368.671875
436.665039
959.134094
404.407166
716.308105
417.896454
311.294617
479.726624
450.528412
579.185425
545.221252
118.633324
293.270874
34.099495
122.076904
62.894642
759.247009
616.855347
797.659668
240.013992
150.725601
595.314819
256.308380
808.927063
871.691833
610.546814
282.006104
50.899319
726.943542
256.572388
156.169708
222.778290
526.248657
307.689606
677.509277
56.376232
65.322823
619.486572
77.490799
805.279907
228.278595
679.278320
961.966248
266.788055
475.100952
767.581665
148.328720
450.130432
504.068176
687.112854
977.805054
628.629761
836.871704
149.427078
401.297455
780.395569
542.675781
91.324547
96.106293
48.700905
48.220634
528.816101
923.185913
225.205383
218.488113
171.146652
70.305031
387.238831
975.056091
332.140930
244.291580
131.020645
367.980103
241.191513
386.207489
790.448853
557.210938
505.119507
148.094009
993.444519
731.036316
669.869995
657.429321
619.432312
451.547882
922.410217
955.796204
692.588745
428.764740
723.609009
180.185883
926.360413
997.829651
142.784729
844.491394
3.490347
682.298218
865.109985
430.495697
53.497066
667.427551
28.956167
931.198364
442.182281
289.698792
192.553696
366.044769
678.966125
796.415955
791.306152
785.760559
272.405365
9.796567
534.359985
938.246521
937.915100
648.332214
50.857658
303.894531
19.574396
911.183777
318.380127
592.939148
279.540039
748.706787
379.970367
16.624954
800.018921
725.974182
984.786316
538.839294
997.097107
348.337952
863.462341
611.285583
771.604431
513.389099
5.133679
597.837280
151.485611
395.051514
442.451569
464.835968
85.496925
908.209473
589.140564
168.008041
793.330383
709.983032
440.365845
306.618500
706.885559
995.576904
14.654150
543.853271
217.604233
200.747787
807.397217
744.768494
402.738373
150.399261
857.169983
440.071991
817.058899
772.922363
851.418213
969.427490
404.564301
414.116852
927.724121
900.346619
25.860622
343.272034
141.513199
697.520508
442.094604
239.306396
182.940170
245.805954
385.700958
483.922455
979.636658
665.909180
516.502869
20.206642
60.089825
250.136658
116.285675
859.149780
987.197388
112.585114
606.930542
148.758041
659.063293
105.725250
633.536804
331.728455
371.874512
507.943909
600.917847
131.303131
625.485840
966.505188
765.785278
975.860779
996.693848
417.963531
921.096130
60.236950
496.686218
491.781036
562.198730
491.231232
835.404419
461.343750
544.775940
651.085693
656.390503
35.890556
568.888245
937.674744
351.307678
926.079529
170.111954
897.691772
96.924744
172.195801
605.785645
560.115356
765.448792
280.913330
548.221558
192.547379
758.021973
240.441391
208.756805
755.446777
349.048584
99.710739
888.811584
183.284546
198.272934
638.546265
851.680664
997.648682
949.381714
762.963562
441.672852
49.064999
684.190613
378.498566
825.465759
684.163574
217.907394
942.302979
296.961243
324.021942
637.977051
576.769348
60.130077
147.962814
148.202011
230.193222
409.460602
911.868042
3.628003
683.135010
938.305176
867.654541
279.901215
844.928955
376.180054
500.726379
721.649475
517.561951
473.283356
178.465302
690.569824
953.040710
122.935356
508.257385
708.476135
2.851685
196.578476
38.309647
32.486671
629.768677
835.592346
345.244171
28.846685
663.807678
507.585419
490.132751
1.756501
195.135696
481.419250
58.071594
701.505066
337.178375
922.959534
766.113770
952.309753
848.435181
979.901611
320.515350
78.343376
400.666840
9.245135
195.969803
612.741455
198.137848
553.061218
509.641479
661.348389
424.108337
312.040222
719.098572
820.874756
626.501648
579.782043
937.089417
376.320251
777.409180
637.552734
438.746155
230.969910
280.441315
119.755806
480.841644
278.080170
804.803345
941.565002
152.731873
277.329895
424.561615
299.869507
805.883362
175.780930
245.962250
862.380310
775.788208
173.709488
310.824921
80.212585
58.698830
744.076294
128.772980
467.080048
588.297791
768.002380
615.227173
652.128662
909.680786
659.570496
804.538513
665.143738
951.654053
590.740295
410.685822
216.279541
466.501862
319.524078
130.875870
375.024292
418.642914
993.837463
301.701202
593.941650
622.514587
339.859802
311.290222
145.415649
810.786072
864.134033
497.115234
679.076050
767.223389
537.384766
28.287699
687.184998
161.623901
472.626587
894.852905
693.580566
12.186067
216.999298
659.184143
414.295990
440.899139
707.908752
255.882675
568.100464
905.331970
296.005859
200.061600
773.505615
35.464443
295.272430
40.644718
514.340149
955.236572
634.031128
584.678650
312.972839
417.379730
94.670021
998.455383
960.096680
624.878906
387.298767
627.559875
154.669876
853.270447
240.519272
546.656189
657.960327
712.257080
812.834656
63.098591
522.807922
356.889496
906.640564
67.018837
52.209629
586.393250
106.632904
392.393005
447.737640
465.710938
76.659477
371.734314
701.828613
149.857117
83.799698
698.762451
688.934753
631.591064
402.290558
338.458466
717.563293
737.644836
422.046326
171.914963
81.797310
592.811951
397.700165
915.942993
745.156555
861.381104
311.732300
593.701172
230.973053
617.218445
993.995056
523.136353
510.977448
679.584900
533.348389
935.153748
676.270508
308.394958
621.001343
931.292664
288.455109
275.951752
694.973022
240.770493
880.918274
462.357971
334.464050
632.786316
930.249756
771.262146
102.312263
864.766113
754.705200
49.834145
109.545097
803.694153
31.248198
261.220612
855.968689
374.918457
701.631165
87.388077
238.471512
50.445107
103.184593
97.145622
311.634613
547.670227
572.507690
923.226440
115.154762
795.575623
293.598114
531.453064
561.387329
80.193130
600.878174
685.534729
155.586975
536.439026
197.064499
145.469986
783.855286
763.695557
840.146790
687.965942
854.566650
590.888977
324.795990
820.972107
931.159668
220.662704
958.955566
287.077606
876.798706
846.027893
95.597588
873.976196
888.123718
957.433777
243.101227
103.338646
717.834534
729.225525
347.964691
607.787537
382.026184
496.715118
737.636292
313.553253
495.094574
362.122009
334.871948
164.924667
714.640930
606.166077
201.932846
255.554016
857.216125
938.002258
862.129150
613.078979
461.634247
909.928894
176.680679
713.024048
38.495193
573.467041
696.345703
658.136353
97.678246
700.137024
532.018799
304.650421
580.288025
659.388367
547.544861
738.657471
385.413300
564.372375
296.522034
887.745422
494.779388
29.356739
994.826294
635.372925
483.277435
846.359924
724.211243
409.888092
680.376953
982.322937
316.450317
360.463501
300.620667
660.939880
734.328369
462.855988
985.422546
772.171387
376.066803
225.346207
738.071716
948.243958
96.070610
631.432068
28.849424
773.470581
225.752167
198.650375
166.643631
403.457794
63.236019
166.827820
93.123932
624.850464
74.750053
243.966156
251.668121
611.612000
987.778198
174.789001
351.070221
233.514145
33.899513
63.356968
336.933777
916.961304
700.487366
91.625153
361.633606
14.451402
970.825623
436.746674
87.150597
748.994141
165.713913
721.187073
383.600769
936.947754
609.646851
314.444763
886.789612
841.095825
340.919739
464.600922
250.519089
448.366180
910.837036
631.134583
242.699371
825.499573
384.568573
972.755859
227.957367
656.504028
95.340515
321.352997
537.400269
230.020538
138.064835
448.605743
439.745331
548.249817
741.942749
718.029236
574.182983
643.908630
555.732788
480.910919
605.025452
213.616913
635.659729
155.294189
315.517181
296.633392
833.606750
58.116131
662.172974
153.071945
104.708214
442.920685
708.804016
152.728027
483.532654
717.595764
488.080872
728.872131
222.332077
553.068420
612.558105
274.795685
400.467957
381.620361
715.772400
192.282196
101.208275
174.836914
636.884399
541.099487
970.306641
589.082031
407.356873
621.364502
241.887695
428.896088
278.709656
775.968445
608.934387
411.316711
284.460632
370.025146
758.961121
15.988436
319.784576
851.586060
859.532898
141.259354
683.078552
117.758820
772.277161
942.679749
174.785568
570.085449
857.591492
767.988892
809.063538
123.652008
502.237488
346.200928
978.753174
973.821228
709.490723
485.504150
705.667725
718.197327
984.435608
419.287476
888.049255
382.866791
547.617432
908.951477
302.837280
155.857346
612.124573
741.133240
825.492126
161.342285
23.555897
99.247017
791.724060
29.668886
510.734009
965.120056
337.684784
439.945923
374.799011
938.146362
702.635742
758.237976
257.722961
883.302185
834.730286
460.282745
651.306885
265.544250
358.889984
667.596436
90.840660
913.912964
333.598145
411.860718
874.198364
447.272949
915.573059
176.219208
721.704895
961.699158
784.585266
741.303040
273.834778
460.884247
680.280884
501.732208
246.182098
549.193115
738.556274
894.290527
491.590912
534.412781
756.571716
885.999207
685.042603
778.847107
256.887482
359.726257
231.072098
447.331696
250.900162
69.606522
782.807617
396.829071
88.472549
696.594299
503.025604
397.580261
24.423658
956.089722
769.229736
501.792175
1.559844
817.203125
931.702332
24.981112
181.335861
777.267761
74.467232
192.097794
720.429810
825.625977
879.059570
875.342834
264.272614
164.147598
738.168884
833.821106
669.627136
891.378662
864.412048
595.843628
688.943359
15.870666
62.717140
865.022827
880.765076
553.505920
573.705017
473.691559
485.163940
26.540033
351.513123
107.225212
394.732941
444.988953
741.671265
969.897278
386.243805
183.511932
592.088013
136.411850
127.587357
828.418030
824.146729
530.295898
666.519165
902.833374
925.171326
79.617416
624.928711
121.836723
507.170990
96.510834
197.337585
753.803223
41.579742
938.646057
825.588135
98.034882
939.643555
322.743408
144.105698
70.111679
127.117981
128.290298
993.620728
280.262177
147.273209
886.714417
558.320984
91.406059
963.928284
807.241638
980.026367
544.810791
718.341309
368.965759
455.130157
271.166046
813.801941
102.498871
512.956421
508.696869
342.137604
747.606201
714.748901
939.621704
131.937729
805.636963
230.043747
186.995804
653.608643
269.485077
863.700623
318.717499
407.317413
313.821777
578.218506
814.477783
489.235535
962.003174
831.734192
64.311234
353.044922
601.739014
484.220764
717.399536
563.479004
326.507935
936.919800
219.804459
611.940186
957.855225
595.005920
986.913635
13.671628
797.858521
627.176880
320.476807
708.988098
776.585083
195.541580
947.132385
339.063171
796.327698
389.016937
823.892944
739.428406
268.003204
234.228531
391.024567
974.875183
174.196243
587.697815
616.869080
216.335251
106.005592
316.231354
921.754639
6.411665
770.111206
403.712830
474.909424
271.644684
371.242096
756.811340
78.808968
923.283936
971.056946
965.502441
970.965698
23.579165
924.487488
641.306824
35.938007
688.674561
174.602280
448.903961
570.189209
10.766529
619.083557
24.933062
625.871094
637.563660
229.909927
402.270294
763.368652
975.255005
515.947571
133.900406
910.321045
558.464417
395.792969
960.846375
578.218445
865.764038
168.924942
567.793579
329.588959
261.106598
783.793945
51.155972
890.802246
716.505676
459.524750
342.712616
779.848877
886.402283
940.622192
736.033997
235.077301
627.027649
829.157715
48.901485
277.576660
379.828766
246.400299
550.250671
428.872986
463.434448
747.915283
369.110596
352.670197
580.123596
796.963318
95.011566
647.879883
476.172058
865.962036
722.060608
821.835144
632.727417
375.815002
823.365295
987.146423
706.589417
348.068634
821.102478
978.427307
742.271729
531.948242
803.382446
86.494904
487.791443
449.772400
264.539032
874.458679
512.820801
769.298828
386.188080
505.243835
380.014709
163.874481
530.694885
999.324768
383.541687
240.367981
961.505615
382.440338
519.261536
870.115662
100.973122
867.040466
83.224297
370.347443
828.154663
792.716187
743.493286
681.936646
932.590393
675.624390
486.857666
736.723389
725.555664
668.175720
711.289124
331.638245
531.797485
596.277771
31.424152
203.252686
464.474060
626.767456
51.547523
859.798035
202.148651
620.450745
976.515930
831.202515
545.056213
894.542603
296.467194
789.156189
333.743286
763.695007
712.893005
102.256912
202.650040
634.343506
896.862610
443.946991
38.074631
578.820862
499.182495
559.308899
436.591522
148.643158
228.390320
961.315918
1.853464
49.838955
400.782684
132.323288
814.485291
275.247681
459.227783
262.821136
176.352875
673.058411
202.017853
621.175232
296.934631
553.079651
584.056824
515.574402
533.200684
393.971924
562.364807
268.504120
183.731369
149.141144
722.792969
735.320984
381.826172
544.381409
386.248138
735.210083
245.122116
517.387695
59.141289
67.884193
571.631653
485.437866
960.579285
153.055954
423.773834
68.103424
958.217590
755.295349
97.877762
692.329407
533.895447
696.581299
64.874619
425.342834
6.932357
349.362976
520.602844
690.548218
856.789490
224.413116
139.916306
997.991821
342.939270
188.165100
25.076887
462.488861
904.436218
832.165405
93.848808
273.685150
107.338051
906.984619
771.543518
318.515381
518.117493
353.060181
359.692688
959.178589
450.581573
101.310852
376.737946
444.246521
58.688927
491.549835
316.240295
750.530396
683.613220
794.969116
573.505188
440.260284
112.400078
656.020142
122.812935
32.325832
462.361572
361.100830
226.798706
68.610107
825.211670
10.686226
887.565002
450.992371
848.867065
393.446533
729.468750
16.113577
524.343628
517.535889
59.161060
196.178848
242.699509
529.031250
802.773804
824.264832
47.301044
934.738647
352.731781
570.229553
790.947205
87.802177
461.557892
741.280701
598.080505
796.420776
728.150452
937.836121
808.278809
950.252747
91.800865
165.033157
370.818817
279.193176
170.942764
214.040192
311.716766
301.489105
806.063721
859.772461
16.870993
611.103027
734.732056
218.149109
56.518597
732.380981
968.525940
606.219727
627.725159
190.139954
305.386444
530.140015
289.799255
564.815125
48.810059
773.704407
159.534195
14.982025
410.410736
25.544781
270.400513
452.917694
44.070553
40.566345
488.005829
465.146515
184.949890
357.814148
35.039715
416.555817
782.979309
158.292343
761.553528
719.611877
975.471497
108.936424
969.458557
940.838684
138.481506
441.430206
335.916168
303.474823
278.242920
261.186188
345.936188
573.756042
6.420568
984.111633
510.587524
130.903885
864.825562
723.546509
476.825470
169.149551
262.963348
130.901215
552.917603
455.672577
996.188354
178.183319
341.387360
655.077698
797.011963
321.270996
31.984310
878.053101
652.876526
732.568909
177.101639
864.129883
258.438080
797.594727
551.984497
497.017273
838.828369
151.234802
932.834351
35.732365
754.618958
880.493774
47.667511
927.923584
794.783020
655.978882
179.663864
979.326599
149.039246
31.348240
823.404541
341.893036
948.427063
919.800354
271.879150
957.656433
824.452393
248.176422
84.380936
975.276306
856.090332
719.223450
692.588806
406.465027
186.963470
413.979004
987.356323
917.146301
802.548950
632.197815
92.741119
435.879272
370.776031
944.167725
993.314941
799.127563
255.780777
728.642212
519.783752
19.350731
706.724182
395.535736
144.594147
725.828552
832.946777
254.563232
285.447510
946.976807
337.974121
262.583191
434.227844
74.170319
674.842590
567.436157
677.307739
914.483765
620.661438
196.656509
56.144733
928.261047
985.645386
7.987688
478.290619
751.752441
920.131958
469.975372
172.791382
644.458191
435.002319
92.026375
485.987457
450.224091
447.299011
856.489075
902.179932
571.447998
480.630524
535.193787
389.751343
784.215698
344.676056
729.877441
613.995483
245.704910
558.729980
770.459045
674.120605
927.192200
304.595886
916.663025
186.570267
483.604706
599.632874
911.248962
381.763550
91.689774
472.899811
835.511658
936.944824
234.918686
310.225830
501.126099
356.519012
1.836584
344.181274
203.670807
63.391247
864.530029
653.644348
209.929550
629.714233
357.713226
912.430725
92.191711
431.238190
32.434052
384.078247
939.095642
264.288788
943.781250
620.126099
491.166260
627.203308
597.519714
877.563965
894.152039
169.431686
414.592316
127.736107
159.879990
943.276978
199.477020
584.629456
205.994675
733.340820
36.626858
245.721146
272.561218
75.399078
779.908020
769.560486
235.869522
522.091248
450.280304
87.737457
399.747498
492.140350
262.938995
769.998291
345.273560
1000.060730
489.241699
383.659210
686.406494
641.695740
527.199097
112.414108
114.111740
120.200691
268.065186
126.587334
661.769775
552.881897
233.740204
836.783325
303.745972
852.153442
44.068584
868.078491
31.867798
347.371368
465.956543
306.972595
426.451630
995.207642
846.962646
225.131195
798.132568
877.455261
32.961323
714.292175
846.657104
477.854279
462.506165
481.803558
804.780640
546.463318
956.804199
453.293793
38.990795
719.229614
332.341370
868.562927
351.757782
425.191650
116.109940
146.036530
382.404083
338.197052
442.420258
748.371460
557.924133
260.513428
771.593201
969.479004
831.660278
33.045189
296.933380
187.973679
754.119202
897.876709
583.441528
42.948242
247.160126
170.697205
7.924026
474.545013
292.853882
914.908020
278.391449
825.653870
556.911987
394.005829
914.755188
17.440605
331.658630
772.347656
663.755066
748.440002
58.200500
76.543983
86.492546
186.741165
310.047089
791.009888
575.026428
210.198959
70.756546
994.759338
200.360397
810.486389
581.681824
771.251709
303.688171
691.257507
992.099243
370.333069
47.153931
553.080139
250.237411
876.571106
932.220581
733.994141
809.472534
222.151550
47.727222
993.396851
550.370605
817.475342
177.733200
560.149536
391.749084
622.775391
3.116014
872.081787
222.899078
819.574158
45.984005
465.343353
700.868042
904.761597
476.946564
243.923981
990.082397
6.728591
118.367874
186.676575
258.499237
826.166870
923.637451
812.139587
373.285004
532.748718
594.167053
731.266602
618.391663
652.383606
535.959595
830.924194
975.402222
130.191696
302.462585
497.242249
836.553162
737.645874
901.525818
709.349854
310.505005
789.825684
339.159821
609.922852
345.030060
553.702148
280.713013
881.636292
998.725769
846.341797
291.790314
794.787720
11.757621
733.098389
2.891823
536.027344
326.450714
892.002686
15.770156
389.530853
502.023163
312.681854
788.862183
874.354736
24.073307
204.661713
885.682190
716.135559
264.342285
81.343575
582.190369
555.411194
977.920410
720.672791
562.045776
915.692627
760.667603
750.153503
908.635986
670.900635
955.900635
677.797668
522.983521
432.375702
87.197319
843.922668
662.891296
914.041931
509.613861
126.592361
161.635803
529.357361
250.665161
846.912720
479.113708
647.142517
450.487579
612.029602
598.637024
766.176880
765.461975
484.285278
808.596802
369.955170
491.854187
691.117554
921.675903
843.980347
719.095093
501.354309
624.190491
499.584351
353.748077
820.213928
490.453430
228.709595
966.721558
440.888458
281.209869
911.955017
91.523903
676.207947
759.839661
694.707397
472.428375
435.835510
647.353516
903.587952
372.925720
984.063538
9.737211
512.795166
58.991596
788.221802
125.541634
899.797852
646.081055
943.154053
74.674431
820.781128
771.834900
201.544708
977.932190
685.961975
522.801514
22.244978
311.047028
237.895386
624.076233
510.024994
270.626190
906.624084
751.313416
394.190491
524.599548
218.470078
269.599060
50.999111
60.287601
352.544861
467.478485
117.391495
344.644043
501.525879
111.978821
456.581696
395.240295
586.753601
323.910156
217.175873
81.886292
836.759216
663.899475
170.822556
70.256546
552.642700
159.565536
639.447693
95.092155
938.388733
666.597534
647.454346
306.260254
530.503174
467.126648
659.339966
349.971619
495.999390
584.945007
649.937500
205.394745
462.737488
419.135040
966.445679
708.897705
9.223007
49.974377
276.753693
459.330780
572.957520
863.685059
25.918560
22.031139
731.818420
554.541992
791.908569
755.269226
477.699432
797.562866
933.786316
432.794373
550.547546
646.805664
944.919495
176.537857
603.666321
834.253723
734.590027
601.285156
145.999359
365.948090
321.262543
295.198853
642.080872
995.336853
461.269867
113.771576
782.466187
949.780090
596.490784
339.642639
719.534546
353.294220
471.419373
574.781006
862.252502
589.414368
638.848022
889.357117
62.691559
421.687439
212.551407
477.013489
473.302155
39.852077
310.718292
144.879288
550.988403
412.560638
55.461636
400.362366
723.642151
34.630371
390.999725
840.790771
892.570679
434.796631
813.355042
884.307129
143.674423
341.716492
300.669525
391.083008
575.460144
464.927521
296.621063
588.131531
249.509598
269.164612
233.806076
462.079651
85.867081
281.244507
533.651550
87.841309
593.088928
959.342590
346.149048
64.683578
265.115051
653.151428
865.675659
498.157837
179.148499
941.513733
428.878784
790.930542
173.558960
522.867981
708.799500
996.430359
183.954483
225.362320
710.470459
480.293549
223.961456
310.320160
846.741577
464.706024
187.609924
791.559570
332.811584
249.097961
163.804138
686.927612
519.296448
333.574982
115.289513
467.498291
52.319099
728.638062
53.907661
106.995377
601.245361
930.380859
201.740860
426.988739
16.777843
665.100952
482.267822
72.108238
931.404846
627.900696
72.563057
714.828186
620.384094
889.018188
650.638733
552.580750
401.913696
876.943542
495.713867
793.174316
387.284576
373.948547
874.803589
505.714661
568.357849
254.605377
903.030884
542.415955
74.300575
529.194031
59.103970
624.096497
873.656616
919.936157
540.041992
237.788605
511.875336
140.460190
83.502113
636.369019
218.775696
319.205566
327.632111
534.634094
23.385225
227.695450
405.715881
341.246826
892.034729
504.340881
434.338898
467.427460
921.794922
932.450439
466.677124
947.657776
460.110016
790.709106
55.595406
951.004761
109.075256
544.414246
428.363953
488.543701
999.735962
474.162659
94.474205
952.872681
386.391235
117.605103
290.835480
796.099182
715.468567
460.891296
175.038376
989.682190
779.111145
47.861347
930.187683
629.116882
11.895688
132.581299
688.629272
565.816223
281.691803
804.778503
7.023062
225.051422
589.381042
25.738079
835.834595
27.406605
513.587708
670.821838
187.755402
691.057495
782.637329
844.243225
170.672043
993.876587
836.906677
853.264160
251.499588
43.558125
791.552917
422.129242
600.586731
457.356659
730.507568
689.326355
805.306274
137.336395
301.799591
306.413025
573.335938
608.351440
368.458282
36.956760
103.453529
666.905457
210.807495
314.827972
97.621925
327.687988
305.970306
338.937164
802.759460
195.147964
369.342499
93.572052
956.507446
511.718201
621.249084
406.916351
124.476791
424.222534
990.030518
415.122467
375.343811
216.240662
541.237061
586.834412
184.590195
799.726318
34.463303
152.548416
119.694046
693.615173
688.566711
585.079102
622.086853
139.950226
940.758362
644.390076
269.191345
692.677979
692.708313
60.130123
400.315460
678.405640
222.725800
128.260818
29.749611
375.845734
342.736542
644.114685
267.757782
237.220215
901.543457
68.008774
291.000275
550.683716
829.326111
631.494934
776.853149
757.318665
968.229614
489.496216
293.154572
625.893188
621.569824
389.776489
735.683655
919.661682
588.399536
147.212631
625.457031
247.551010
476.216034
35.865124
48.765450
609.439209
709.435059
479.681091
681.209900
718.587280
2.419317
478.254883
283.949463
986.930481
710.079529
259.650055
641.375793
430.112488
521.620911
880.270569
572.889160
343.008118
140.537537
617.774292
891.570740
197.850616
595.928833
807.080017
676.935547
126.744591
285.727142
949.638733
241.289673
587.644958
907.144592
522.396362
210.993378
835.904053
965.442261
929.024475
811.469421
868.777893
896.898376
749.499573
140.843979
739.461182
389.928772
461.433197
218.632629
194.595413
978.185974
364.543274
685.368164
10.215254
294.236938
130.823059
405.478882
201.455612
315.198364
833.274536
801.055908
451.427948
62.362141
803.836365
387.484528
875.027405
92.527084
850.757507
765.827332
615.013550
192.092331
31.321959
996.683105
315.857208
109.402557
77.273010
926.089844
780.484985
908.022949
580.615967
928.824463
24.775684
578.275940
961.165955
828.003296
293.571503
723.922913
407.193787
310.658508
687.855286
32.419250
108.356331
624.201111
266.303833
23.279238
445.505280
969.690430
256.687653
210.798431
773.573120
387.646942
364.429382
660.960693
625.519775
371.350403
93.234009
667.196838
563.222412
269.547791
64.885612
63.663773
701.750610
983.215698
275.549347
76.419426
869.359863
859.173157
108.791428
570.735718
441.795624
270.263824
86.330559
734.869812
540.002502
19.861200
306.392303
356.786377
267.175629
924.714661
943.199463
396.422058
3.262789
90.001015
305.282196
948.990662
494.222534
511.376282
664.444824
855.099609
988.590698
222.347488
368.962952
798.494385
223.770981
745.710999
2.309390
758.473694
75.690010
336.572479
722.730835
671.135315
971.749084
428.984467
270.817322
602.725830
237.994919
895.577942
656.133179
611.671204
756.111572
905.462891
138.972458
17.566177
405.905212
750.006531
174.162827
751.376099
767.482361
375.454041
290.569366
310.494995
768.791687
986.643799
319.681274
833.996399
649.088013
613.338501
558.683105
474.301666
355.328278
136.754974
605.688354
991.061035
40.900894
646.268066
907.261597
9.090922
422.535400
17.546686
440.612030
312.482635
902.033081
386.303864
800.913574
668.172668
704.357483
208.322495
933.270386
345.081055
629.370728
902.601440
543.681580
503.555878
74.805984
599.414429
210.056931
841.843262
767.596802
84.067772
16.694113
881.295776
310.721283
746.395813
89.183151
729.210327
386.612122
601.087646
732.556519
346.797638
666.078979
748.951843
696.286560
583.379700
943.422852
484.792999
756.918091
800.636841
616.508301
967.917969
855.776184
771.218079
176.880829
314.325653
896.767212
612.117798
62.597157
138.355255
435.603546
734.787720
927.683411
489.507141
797.451538
487.150024
92.038521
873.531860
216.900391
783.008118
661.331787
390.199524
730.303650
431.793793
505.932495
26.868057
115.360649
87.012527
509.200989
971.749329
995.339294
389.301575
686.936707
618.268433
332.884644
538.774902
364.268066
543.120728
134.465164
867.995911
205.941330
993.234009
640.366394
748.769775
631.992249
308.357635
36.624737
883.945435
95.811646
332.229950
947.167358
783.120361
657.780212
531.449280
219.239059
58.843552
641.934143
335.643127
316.721436
321.780090
115.535202
251.725464
352.873871
664.474426
107.764244
324.924011
906.935791
64.765305
72.044128
579.623413
550.826172
795.353271
6.669053
851.391968
781.755127
776.708984
584.863464
880.898499
491.894470
120.646477
845.197388
136.365433
651.378418
534.737976
147.233627
787.026978
788.598022
792.319275
531.101990
161.328003
483.346405
416.283020
788.446289
441.704254
491.116882
920.802979
255.514572
301.861084
9.471278
770.722168
538.720825
897.138855
645.638000
876.039673
156.203171
452.507080
965.493591
111.859879
750.671753
910.261353
994.273071
468.511444
909.433655
965.145630
120.861191
211.350128
249.266586
438.618652
197.272217
867.262024
757.413940
432.764801
930.604736
237.157410
914.175781
499.078674
507.727325
155.730042
687.264954
978.895630
875.218079
438.872284
627.373779
531.462341
10.583523
26.787455
409.785065
162.373001
316.301208
65.200325
36.908886
941.104980
206.309891
729.008362
109.209213
210.766464
373.765900
639.471741
403.309814
340.667694
256.910339
248.805557
436.429901
305.161255
630.669189
284.495422
859.904419
668.356323
59.894753
743.240845
506.944305
728.234924
21.346807
111.091522
975.601562
261.426178
191.262695
707.611755
710.841797
740.053162
278.331879
623.169922
238.074112
578.894470
404.296600
267.697205
315.253357
302.274445
298.844635
521.857910
714.703857
96.203835
900.951904
11.420774
26.734226
241.142059
236.554916
170.125366
584.829956
384.186676
429.044037
917.551147
554.410889
949.799255
678.484192
987.182068
882.289673
151.946091
214.624802
456.246307
251.377472
989.460693
353.124329
678.098877
476.075287
741.694641
68.916916
834.943176
259.143524
9.807491
610.491394
426.050690
568.477295
847.614807
716.419250
679.974060
254.767792
346.211029
857.107849
654.941895
958.232483
690.239624
435.791656
66.442482
500.945496
409.347229
704.397949
774.255066
299.579895
15.742391
154.322968
845.536255
263.255005
883.711487
826.847595
35.612625
558.095947
642.126831
736.259949
448.067047
488.072693
620.787415
988.789612
732.049988
32.880798
215.660400
748.300049
385.284546
208.531250
118.280334
650.841248
771.549988
321.064606
266.117889
700.793396
781.868835
485.843994
725.646057
501.465485
458.711060
517.940613
802.513184
417.029938
84.495674
473.056335
995.769287
401.466766
819.195435
583.964111
376.079315
110.172424
712.977295
416.375488
953.476868
787.951660
137.018814
430.253998
972.721069
527.207581
254.143265
710.699463
228.465851
859.626038
831.919373
723.764099
311.192078
344.470032
212.939163
559.573608
759.975586
91.220840
525.277283
476.063507
146.169327
820.894226
571.004211
358.485229
83.540138
415.174866
732.696716
808.781372
315.660828
936.643311
874.242920
21.614763
702.757385
437.029572
361.440643
751.092957
764.153442
567.975464
635.277588
991.619324
750.108582
706.824158
692.372253
552.766968
212.832764
848.065918
996.191101
925.030640
126.696899
811.740173
760.730530
483.494629
704.250854
7.771890
198.769043
525.241333
395.823883
836.944641
591.759216
716.359436
223.317719
365.257141
568.641357
540.937805
593.546509
718.280640
181.224075
315.095886
277.681976
705.638428
366.503418
576.976868
917.121033
76.417625
269.996552
287.964294
841.699402
176.792130
624.513306
361.628967
24.596903
904.274109
133.914246
660.259338
241.123154
536.376709
860.939514
431.829529
337.501984
646.970581
91.287689
205.493347
81.318451
629.355835
480.234955
280.152588
142.339661
195.897614
448.119965
264.679779
328.310455
510.759857
984.949646
715.645691
403.001007
659.503662
286.078064
561.697083
388.535614
406.129181
505.440277
523.960754
134.049164
728.399780
270.837799
659.054443
397.711304
883.176331
329.226593
926.702087
932.686279
970.780090
466.268768
599.161560
954.652832
994.780762
287.331085
369.542877
556.514709
994.065430
831.400818
766.771484
702.095947
58.647762
534.062927
174.037338
638.579346
706.044861
749.558167
334.400696
541.525696
217.791229
343.031616
256.584137
907.779419
626.985718
339.544189
791.580750
573.641663
612.425476
679.008545
999.631348
730.729065
807.184875
698.297302
118.846367
21.635113
882.772461
999.323242
657.788757
561.184814
346.317749
93.478287
933.018982
236.968079
717.892456
210.999039
771.279541
897.037170
106.776543
922.234863
757.457031
89.726067
533.274170
136.701141
540.256653
386.598755
430.718170
811.520996
217.215652
423.032196
589.746948
591.268677
889.269653
60.611557
926.501221
182.192352
296.313538
253.619507
86.942719
809.169739
964.221497
780.159790
893.712280
874.009216
534.440186
151.201340
97.498322
482.378876
765.784180
95.385170
298.876801
1000.257690
411.627960
545.559814
488.992188
336.140564
873.773376
181.564392
108.774689
828.848389
217.912994
741.749207
809.430237
427.912048
498.206268
675.058716
321.225372
563.613159
719.932068
997.903564
310.200745
44.771900
270.615692
219.048004
45.256943
749.773560
316.912476
554.074646
48.117355
605.514282
853.426636
226.463638
687.107971
835.834717
154.712967
941.402100
446.979126
322.848206
5.968476
38.015472
27.540684
962.856079
973.743896
50.931152
541.251648
272.056793
11.217534
444.453308
938.070496
542.982239
88.272392
991.834167
56.443008
826.190063
188.719635
353.285431
908.869690
772.060547
109.799614
303.439026
506.998413
695.058411
667.141296
173.692780
292.868347
911.497681
568.822876
140.204330
792.797729
480.353394
114.849762
734.461426
634.885925
271.873932
6.603965
536.112976
509.224976
49.529942
804.727112
46.407215
73.820000
880.713684
599.149170
833.332581
531.523560
814.289368
398.068451
218.425430
953.056091
851.304810
481.734558
903.839294
618.949524
911.484619
300.394623
631.399902
874.323853
72.243233
449.191162
912.309570
380.743469
898.545410
519.955750
341.773041
670.788208
836.179932
827.839294
352.959106
444.559082
408.402100
982.807800
304.743744
251.706406
381.574554
101.951385
927.686951
316.271759
82.960236
381.254608
621.698547
320.670227
556.515259
91.607422
532.848694
131.328018
226.769455
27.325090
544.417542
546.475891
937.150757
902.821899
974.131470
310.871765
716.168701
824.436340
702.134460
138.668671
479.441711
999.630676
968.887817
236.234818
275.262695
880.183533
756.012146
871.592651
898.051636
828.427368
687.252991
54.479675
395.629120
854.085876
541.251770
653.512878
89.380684
617.168274
552.111145
390.253021
342.558899
786.486511
851.696533
720.710266
676.166382
109.848495
859.945129
432.285797
305.287689
604.721802
224.333725
492.842041
233.425522
747.591553
430.033539
180.629883
64.180946
226.033234
738.154602
635.513916
394.755798
216.778397
439.565491
847.311584
883.926086
359.291687
401.717072
702.450745
636.373230
63.664013
678.762451
402.116913
317.239014
348.794037
44.057072
291.338501
262.956970
974.076050
859.051453
743.203430
334.661438
573.990173
489.794983
371.057831
841.503967
699.142273
770.262207
409.763580
605.809326
674.325073
16.105556
989.949707
562.006226
63.499165
703.179443
909.810791
354.436768
581.205811
873.930725
32.394817
170.339737
59.399742
995.727051
897.556458
147.271896
748.551208
609.211792
367.317871
100.955467
996.352844
933.238403
528.352173
953.493347
109.254471
481.535858
240.369019
540.474365
282.677826
765.501709
272.010895
361.719269
777.982056
281.905426
899.475159
44.600410
803.830505
885.104370
264.333984
7.796749
558.429443
988.581055
317.062408
381.497498
277.150146
953.072205
801.395569
124.040787
8.177858
758.590881
225.873154
866.089783
839.616150
708.922302
694.840698
903.635559
929.179382
46.269154
732.117920
880.804199
109.824730
328.828735
968.458862
883.879944
563.206238
174.870911
20.609447
840.204712
237.846329
64.093025
742.030518
415.000732
504.910431
412.499359
265.678925
639.484131
760.500000
858.429382
580.317749
67.028877
823.108337
74.536064
623.503967
639.487732
719.657776
299.409210
700.539612
63.934155
751.058960
446.746307
797.415344
872.845886
191.657959
932.816406
58.248856
110.390556
362.583466
863.316040
105.627098
986.428223
686.799438
49.115772
20.391218
477.100250
472.427155
42.459415
129.215958
365.142670
536.244446
419.206726
185.284653
656.759583
515.557617
167.512253
372.986969
979.590210
110.190392
444.004944
177.185608
416.837067
989.620605
718.262878
88.434677
459.551636
589.502563
48.225384
990.195374
530.345703
478.946869
478.103943
346.634613
923.850281
648.478943
403.883453
796.206909
569.752869
63.437298
571.739685
389.311676
82.828514
385.407867
44.727951
555.172913
225.599823
39.328220
211.044464
395.329132
382.827667
206.656281
242.956451
361.854675
74.159874
25.579319
984.933533
973.554138
841.187866
353.560486
318.291779
120.359482
656.924805
827.046082
258.737396
49.630970
971.696716
624.626831
745.869385
974.795715
707.620728
228.463028
896.311157
224.338196
404.832855
61.202747
879.746704
600.379456
989.781494
473.642548
66.287979
831.008301
960.632996
961.234131
948.482422
323.769562
571.672913
394.501404
689.607361
897.124634
553.049438
968.600891
736.794617
969.294556
869.625427
478.815552
3.825210
981.974792
58.977684
72.708084
656.281799
116.656860
572.366089
833.035522
716.036316
495.771301
239.515594
745.927979
146.116043
792.668579
488.947479
526.703003
709.664490
571.399841
269.490601
249.678131
629.219482
514.393066
511.635101
237.435593
31.329483
677.300171
509.145020
642.219177
809.238159
420.357056
312.270782
199.544998
59.411827
800.218262
411.552856
411.477386
705.064087
661.225037
235.648148
799.181519
510.642242
290.601990
135.747513
896.419250
917.241089
812.047729
824.534363
546.325623
341.092010
242.125488
233.892288
905.383789
408.569702
630.392456
753.494507
144.587433
428.658325
158.208557
828.909607
917.019958
863.983582
299.479187
364.286346
379.778076
98.631706
400.039764
470.062897
420.199066
28.968330
636.775879
248.999573
824.517578
285.362976
98.273361
799.927612
988.590942
736.213806
16.694378
589.394165
342.494720
84.736542
989.120361
88.733025
143.387436
994.343567
42.981953
491.668152
454.814484
971.297058
501.529846
879.125061
281.703766
334.583405
48.451096
570.455933
507.642303
804.023499
892.571167
803.646301
25.455141
160.777222
503.706177
937.544189
733.505249
286.558258
627.163879
104.640671
399.854950
632.568359
50.931469
4.409719
933.641296
315.771210
405.713654
879.635193
448.782257
887.388733
463.432007
37.176418
819.218384
858.462891
649.754028
959.245605
114.175629
690.540588
122.860558
804.397278
432.243866
802.433838
560.766663
917.081726
92.419579
570.320007
397.208344
53.311466
736.184387
105.025780
679.475342
816.332642
398.661407
131.304199
135.397720
994.246521
32.856377
60.879482
390.067017
893.044373
215.973633
743.238953
905.719299
921.810364
997.102661
175.081039
779.433105
935.760742
480.644714
565.332458
176.636612
80.593803
231.916687
232.373413
370.743408
772.278870
749.558411
18.023596
496.624023
359.380676
707.804077
300.021271
497.834564
758.412292
359.868622
161.887695
771.759094
214.877472
600.557800
250.903961
270.935089
33.193882
528.087585
448.095856
463.864319
378.571899
642.359131
772.473999
929.323425
394.837585
494.900360
760.461548
936.098145
952.764099
151.336273
554.622131
567.867249
637.346802
970.882568
969.197632
866.888489
998.754150
713.305176
433.541016
454.577118
726.797119
998.091492
12.082524
540.346497
342.254517
111.694466
51.427559
839.089050
6.346749
873.931152
272.582153
69.128052
858.692566
327.324585
854.412231
287.339020
237.262314
74.283195
421.925201
44.096062
448.555786
696.353577
803.557617
412.434631
258.686768
738.655762
956.741943
706.853394
465.210907
66.948837
200.352570
782.643127
139.394394
678.691772
55.246105
408.922333
105.068916
392.445282
97.657158
973.828003
247.011383
582.629211
763.474365
786.664368
744.752747
173.196976
264.764221
200.352646
511.260132
223.284164
394.880280
921.519470
185.810867
181.427353
344.614197
117.027809
193.243347
668.674683
27.299393
668.318420
694.943787
647.452148
658.906860
342.805756
235.516388
560.524597
605.632629
760.850342
190.267853
61.609928
623.444763
852.248474
952.266235
876.240295
595.316528
863.663940
48.437256
381.140015
419.938812
916.382202
342.130402
161.310623
206.423248
793.047913
780.981567
125.917725
559.699463
772.369873
992.974304
891.083374
581.137268
590.290039
182.242172
842.012451
397.340363
589.820374
222.578186
513.114136
805.932556
256.930237
148.978821
599.493713
993.489014
486.084900
405.491425
624.595764
252.885971
354.040436
575.003784
374.195038
373.005463
692.434448
924.224609
898.388306
528.515076
669.758179
366.721222
264.379700
289.125336
445.621857
685.465698
4.512016
553.787598
667.956848
294.730377
356.055817
200.006989
806.844482
694.224548
217.081070
194.198898
713.894165
365.059906
161.526260
308.224365
17.376696
628.990540
428.420929
726.121338
602.862000
832.912354
560.197876
110.484688
354.134277
678.656555
827.928528
763.067993
251.705276
365.394928
423.312714
448.113739
393.770599
152.554153
357.908936
393.950195
499.053680
19.785118
593.859497
505.841400
793.193115
33.838722
670.193970
745.542542
822.591614
469.035004
132.544937
384.120178
698.574646
96.264580
656.979370
460.324463
238.056030
963.210205
952.012512
452.351227
572.492065
81.434166
622.680542
736.058167
217.711441
923.952148
987.170471
3.976144
644.585327
347.673370
348.642731
20.009192
447.443054
274.619507
579.397095
955.908020
497.469757
174.356201
527.717957
812.216248
111.949928
520.563232
691.399780
981.519592
304.541534
572.849670
55.281300
732.789246
132.734222
791.488403
510.397369
54.273895
787.343933
689.730957
73.283089
365.741028
215.054642
251.460892
914.505188
329.291748
335.105194
338.188660
96.470818
116.506760
210.538345
207.604904
372.527069
519.525269
944.952759
996.202698
624.266602
751.287598
231.228455
984.489746
485.782471
644.187195
674.279114
311.828583
899.134705
102.316971
187.399948
903.191284
262.649872
147.586121
191.058502
359.900970
531.680603
343.695038
546.234009
236.837982
406.732758
711.312256
415.978119
324.461731
338.484894
217.628571
534.292603
691.440918
80.201805
987.094666
305.329651
792.385437
879.338013
173.340088
558.747742
26.369152
519.822083
775.084167
565.682556
770.286804
129.232880
69.790161
10.478339
668.067017
223.935486
792.455444
1000.373230
894.142944
455.885010
428.628876
539.715698
754.887695
568.985107
343.359253
27.092913
740.118042
692.174133
919.437744
684.824219
928.916077
544.117615
417.006226
106.737396
835.815063
148.404434
519.421326
598.633911
729.966370
606.235413
267.487732
109.460854
36.488785
419.124023
148.020782
824.432617
43.022877
695.116577
846.010376
455.964081
693.838989
460.230377
707.282959
7.916495
7.777253
328.386078
42.134972
190.628586
781.252991
713.406860
345.885834
966.449097
876.228821
641.322937
543.825073
469.058472
77.501755
821.715881
464.167145
950.643127
2.466762
89.562553
825.899353
711.892883
456.089355
280.863464
404.731842
773.252869
821.220093
232.949692
263.996124
24.691746
26.918791
563.180603
739.325684
914.749207
369.818878
288.752686
379.648621
891.837708
4.201905
255.230423
944.111145
191.976837
776.570007
582.265686
860.846802
961.666931
766.140503
257.981506
623.584778
968.771973
485.429443
792.768860
964.390930
765.292908
546.295715
751.439331
386.246185
228.480255
478.842316
494.296570
618.195862
743.118835
335.807556
658.960266
424.100189
449.631866
260.146637
761.088928
678.330627
69.263588
133.975479
336.393921
280.357513
225.025894
527.815247
819.204529
681.326538
995.923950
654.646667
110.663925
431.303802
513.802673
710.944031
485.300995
244.646286
685.415527
463.180023
335.644684
971.125305
429.249237
995.085632
814.495422
120.183708
945.497681
222.565887
806.217041
899.195557
860.296265
892.490112
7.886322
71.627678
376.577026
632.610107
468.011078
384.225525
901.193604
737.083984
433.221802
774.360901
31.575584
37.649860
520.602234
37.588356
138.064377
117.637329
845.019592
558.312073
322.876740
375.489594
446.796875
82.217506
226.161972
839.690613
508.060486
334.912506
417.444824
833.003845
191.184418
231.751358
77.973816
79.736641
426.173767
800.251587
609.175964
493.974762
344.028351
394.977905
957.168274
1.282615
349.110718
328.998840
495.288757
855.753052
825.891602
289.482880
699.520264
570.248962
395.545166
230.242630
43.336285
38.796951
271.688507
898.382996
292.640320
755.227234
502.927765
33.698910
485.961914
791.291382
728.089722
989.845459
956.324951
119.171852
230.122498
503.680878
959.131958
672.041809
446.677704
982.475403
291.003143
883.351868
524.274536
449.597443
7.885681
125.818207
906.034851
625.616760
760.787903
441.782257
639.360352
339.165253
491.958282
643.561462
794.929382
908.666870
429.651733
814.595520
589.435791
177.062012
952.537537
194.792252
392.708954
546.876770
417.786469
150.117203
383.493469
747.614563
383.374084
599.342529
150.400024
346.028992
637.666382
551.775818
814.804688
636.032166
238.034866
436.708801
493.844513
29.746374
900.490356
973.815674
867.051392
912.951355
672.739258
457.448486
805.779053
42.656963
267.395935
471.308685
916.652771
180.313126
748.216003
737.350098
565.849915
39.254910
384.283905
206.576874
67.966164
344.392242
172.095840
680.826599
485.629272
623.596130
19.316038
779.166382
640.045410
598.475525
994.011169
693.107117
253.102921
905.962524
863.030457
307.635620
740.474365
577.701721
374.213715
710.932251
349.667389
784.202393
241.750931
331.700378
287.663086
373.650238
150.093140
222.897888
644.709595
868.847290
886.998840
960.103943
700.216980
867.458252
111.777618
446.519928
105.568153
633.974548
834.445557
993.138367
918.981140
514.013245
305.664001
786.210327
627.509949
429.374390
495.359833
724.208679
820.648865
366.294586
801.950684
828.464539
514.971375
108.649963
525.701355
530.581116
570.641052
346.121460
853.726807
818.681885
551.022644
197.512772
698.770020
938.130981
148.543640
89.283974
637.239807
82.759712
318.372772
397.972351
846.941528
215.271362
502.943634
546.595703
288.887543
268.265808
450.225311
502.540527
479.916077
105.901779
522.258789
616.437988
301.611267
989.235413
764.360474
242.932663
708.952759
688.428040
648.619324
524.749756
101.599197
636.849976
744.499939
106.249611
89.621422
627.032532
708.930664
823.942444
254.129303
435.079712
661.103882
375.347717
302.102234
466.011993
447.271637
177.055191
941.273254
689.661560
167.694565
455.931396
669.235107
940.955933
11.615405
226.573776
206.582016
436.349854
520.694397
802.252197
102.863426
223.123550
44.913540
553.326660
872.964783
849.329041
803.976318
465.927917
479.296722
858.803345
279.501282
655.351929
720.039978
940.147217
291.807434
405.410858
972.633423
791.709656
842.135620
529.181763
594.265381
817.165466
83.125748
259.768127
39.559551
273.422272
216.994019
50.936604
980.300232
110.864281
119.087288
899.623108
73.602493
370.861267
934.311401
130.516098
285.404114
424.620453
489.738037
842.396973
457.831116
698.501221
134.087738
934.721436
982.928589
951.250488
968.202820
59.015236
855.563660
301.525665
11.372576
409.033966
375.990479
678.660156
369.464752
647.716980
734.698181
60.921169
430.782440
903.289246
701.801147
143.600174
863.019470
970.617493
308.801758
854.702759
658.077637
442.866608
349.447418
466.798706
904.338928
301.633453
376.525787
451.789642
943.885010
312.006012
684.930725
986.589539
139.208298
737.123718
617.133423
57.676228
528.467529
303.772980
207.883987
661.554871
15.161062
408.943573
925.240540
781.260986
975.849182
603.841187
213.019836
260.918793
47.892433
192.461990
746.717712
323.537994
236.084641
397.503418
270.253082
659.531921
611.857727
655.727417
775.272034
959.121155
884.625183
468.766357
939.005859
558.697388
559.249573
173.728806
752.173096
604.835205
677.353455
701.355225
724.245911
651.592468
815.041992
212.707794
181.638794
848.099182
342.654907
366.512238
899.420959
931.501282
788.612976
226.794724
759.983093
226.942963
47.569481
324.978577
379.017883
90.031990
680.074097
916.986145
135.515732
568.648743
75.451256
601.688782
461.367432
378.244049
579.311890
988.076965
952.317749
511.262329
247.244263
543.780212
354.119812
235.267410
734.085571
594.473450
682.379639
556.656250
845.933960
291.926056
933.039551
635.547119
202.610123
540.862183
968.151184
292.306030
788.417297
140.493500
742.620178
540.450317
587.019836
309.942749
185.957672
812.415405
273.581940
757.261108
421.761261
426.189575
562.159241
466.048584
274.488098
961.141907
73.418060
270.751373
492.727173
872.416260
907.916931
540.987671
106.683670
785.611511
145.546753
143.333527
1.182068
691.199280
589.322632
755.541626
860.210449
303.375427
320.466980
383.697021
250.734131
714.792786
991.571106
247.839539
524.130737
953.829956
818.450439
527.191223
646.779968
439.406891
616.967346
967.195801
23.735544
855.038818
408.630188
515.303467
569.195801
601.448669
898.712952
363.513733
946.089478
606.723694
128.954208
993.208191
508.242554
96.565208
485.810150
570.036316
329.822754
748.056458
872.411743
960.866516
1.312028
665.071350
473.325409
678.351868
438.540497
452.415161
966.317688
356.808746
700.400818
412.219696
207.461304
29.345739
826.459656
810.269043
541.686401
46.524963
292.951202
395.495972
440.955719
204.487930
33.607243
970.738220
392.838531
614.733276
292.085175
719.724609
171.139786
906.972534
138.057770
607.160950
887.343445
416.096191
947.877441
560.161377
526.538513
562.773804
763.854736
151.131546
801.682861
501.472778
250.784836
368.414795
233.469284
442.980621
974.689331
659.473450
462.086578
338.153015
75.819870
366.905029
946.784668
935.076233
85.629669
390.007629
243.002350
313.188477
219.161026
512.127747
546.724915
301.417542
649.181763
806.908752
102.526688
868.318054
501.007965
377.076050
729.009399
161.907547
37.884712
529.692261
722.864075
201.282928
285.477783
260.777557
995.051575
290.375519
693.138184
916.046936
626.682556
529.529419
50.343113
797.864441
990.872314
343.125183
199.823135
209.879166
796.781067
459.435638
826.605347
549.567261
647.292053
727.407593
888.315125
806.268921
765.029114
83.583366
375.451691
304.131409
715.097656
751.996765
315.600708
489.151398
214.129395
538.494507
805.998657
632.860718
925.807983
716.522583
736.391724
286.527252
521.791504
333.182068
893.790100
743.562317
499.877045
251.504242
949.485657
338.462158
559.702942
739.655640
753.786194
82.148796
437.032990
555.144653
348.825562
904.179260
812.074158
740.614563
645.440979
600.630676
579.439209
3.180646
798.113953
941.271667
223.886780
179.863968
215.123276
142.130859
873.901489
335.986084
393.399841
70.725639
727.524170
226.401199
803.631042
423.936340
716.460815
39.878960
468.040710
455.116425
116.098541
107.672516
650.359131
958.081970
460.023254
769.236023
20.116911
592.527100
216.187012
389.232056
498.622620
304.715942
660.993164
852.273987
500.803253
190.623779
873.044556
979.231201
355.454681
314.285583
916.552795
3.348759
540.507507
632.738403
826.368652
586.213623
990.112793
292.937958
814.146118
451.091339
647.951782
920.786560
530.294006
700.000793
199.804062
22.790682
500.507477
840.738159
622.275635
647.510559
123.749840
222.220200
960.796143
782.400024
126.098602
738.904358
989.542542
632.531494
596.213684
472.405334
18.146765
442.615723
273.052185
523.225647
7.876965
379.791687
468.238129
724.603821
18.047405
423.604614
198.337799
193.582123
349.881470
322.476898
195.567734
622.408691
767.951965
773.009583
972.572632
462.146881
723.336609
669.343323
960.013306
152.621460
469.399261
31.878807
443.648895
503.284149
921.808411
187.818863
270.349670
244.463837
245.443069
427.099762
512.208618
845.845337
748.063843
96.945312
696.532043
787.578369
238.010056
994.186890
647.888062
418.868652
832.785156
784.630615
332.028992
758.128723
105.758728
455.279358
701.210327
448.665344
336.727478
757.898071
324.751556
122.712357
343.912903
824.498413
715.876770
571.524963
54.587120
90.770584
66.560730
246.926682
498.006744
123.291946
804.034485
570.957275
108.171021
513.523804
109.373039
115.269592
35.849411
972.620789
298.734131
458.301392
701.383789
859.160583
595.609619
574.728027
328.365082
449.650299
406.693726
96.328377
401.234436
655.227173
708.957703
748.931824
380.197266
980.972107
422.976532
348.044098
918.001404
98.750237
789.277527
87.011635
799.950256
71.180420
613.616089
812.125549
375.247742
157.227066
34.394024
186.639725
93.108505
757.704834
747.335693
341.054779
905.369385
456.750427
649.935547
646.540833
73.194221
702.940735
88.787956
931.748596
995.520630
972.087830
397.618378
301.491791
42.412476
236.133362
89.769287
588.881470
763.835632
152.167068
986.178894
384.893402
196.018936
165.458649
346.637665
571.956055
512.452332
715.259277
927.189270
227.681015
416.778656
495.803497
582.032104
364.521973
32.776691
47.080688
194.939911
587.857788
702.421814
744.007568
47.423656
550.070435
282.726440
322.938446
476.259705
181.228928
18.391037
993.800049
15.761923
15.854580
89.654366
135.735046
758.980042
739.101013
130.810013
521.932983
778.429321
98.450691
790.209778
327.499786
646.801270
976.694458
537.976135
15.022697
846.016113
646.612976
791.535339
128.632355
798.766479
55.194313
545.019409
536.867554
331.008484
522.800720
189.934540
845.945312
283.412506
666.677551
173.941757
444.106842
668.192993
66.932274
773.779785
770.606628
712.733582
953.624939
76.066322
348.525879
646.250122
959.891052
123.341362
996.513916
495.749786
1000.064697
597.157593
301.010223
51.118134
414.640106
799.114685
397.761292
290.421143
12.861152
735.382080
546.174377
424.094727
668.245483
453.065033
49.536201
947.914612
862.665955
581.538208
667.557068
224.637100
2.302937
451.636658
747.731628
165.381989
217.997360
854.939941
699.806335
954.288818
522.185425
349.692474
654.634033
435.059113
278.224213
197.630966
821.757812
764.297913
75.880203
321.844391
643.568481
568.068970
569.096558
847.515869
94.205147
257.827515
693.581299
989.570068
453.575928
648.009216
713.570129
306.415039
951.248596
488.500336
431.171234
942.249023
77.590347
600.338684
977.470947
208.408600
407.682739
992.632141
392.827240
90.342812
738.494080
853.640747
830.765137
826.256287
496.209229
873.384216
885.009399
689.083313
130.211731
477.413818
787.480347
529.599182
480.916962
413.062439
70.157608
547.965210
788.809631
268.213501
515.375916
520.036255
780.927185
185.436295
995.341919
864.478027
647.879822
241.896973
385.373871
65.743843
94.537704
178.161285
95.363998
385.483795
118.180756
214.591461
8.517217
53.074806
444.263885
740.113770
118.057159
538.056030
859.947632
511.297485
187.407532
112.280251
64.452545
303.232147
408.268799
397.728058
56.434029
329.496307
908.180481
784.974915
179.617325
366.024872
391.004974
899.107666
4.247026
646.555420
302.515991
796.610535
388.304108
110.101051
653.318970
440.894592
65.821304
818.422180
590.452209
624.042358
4.221180
36.305935
527.385681
192.628830
93.867081
936.826843
272.568237
601.064575
520.769592
534.966492
252.318878
713.149658
769.166504
803.839417
239.461533
946.289490
923.396118
679.356140
652.822021
283.036682
892.522034
128.455658
524.659241
903.200806
764.154846
780.223389
898.725464
69.439125
496.513733
174.266235
850.460083
729.152527
717.620850
24.643263
21.665964
520.138550
243.513779
740.598328
966.674500
281.119812
60.343208
806.908875
936.005493
959.023682
723.277771
248.132294
658.714478
67.278137
223.861343
759.029114
638.215271
947.102844
657.217957
438.805237
706.654419
543.542603
288.265320
423.275299
519.533020
244.638580
617.843018
27.630581
862.709290
927.028625
339.181396
272.436829
415.635529
565.545776
474.978729
290.300476
43.697464
85.611023
15.685351
991.086548
589.694397
457.988739
516.567749
533.629211
580.125427
876.959717
793.080750
768.328613
273.884277
887.223083
67.667816
882.178406
491.578400
584.073425
689.712585
308.162750
431.329651
751.262634
776.278137
486.804474
969.198669
31.895741
107.406967
671.120728
492.747559
111.492294
668.212219
920.601562
739.986694
658.298767
190.927994
393.999390
671.317444
874.726562
797.015015
415.374634
371.417542
810.822388
242.841064
488.530151
985.631348
694.327454
423.734283
666.320068
173.801605
539.241028
776.967529
498.312622
660.727295
369.504913
49.169178
391.777283
710.923035
869.015381
789.601379
568.268127
960.836060
412.148499
627.398254
246.210739
148.930984
801.180054
357.232971
161.746414
605.817017
109.165764
659.059021
91.500687
585.026611
548.170776
622.992126
346.299622
656.321533
412.512634
248.971909
660.530029
196.586594
734.956177
788.034851
172.193970
854.112488
626.155701
777.220947
565.142212
935.965820
628.047913
521.082520
188.238724
843.643860
256.698425
602.403564
362.319763
140.587036
245.988815
75.503853
148.859543
420.803467
182.582214
288.164551
615.126038
517.669067
394.845459
29.713516
377.980804
925.244141
767.516479
854.063721
166.324020
